20
31473 LightMeleeJumper 76 105 103 104 116 77 101 108 101 101 74 117 109 112 101 114
31660 LightMeleeJumper 76 105 103 104 116 77 101 108 101 101 74 117 109 112 101 114
32475 LightMeleeJumper 76 105 103 104 116 77 101 108 101 101 74 117 109 112 101 114
32642 Bull_Town 66 117 108 108 95 84 111 119 110
32782 FlyingSwarmer_Town 70 108 121 105 110 103 83 119 97 114 109 101 114 95 84 111 119 110
32931 PortalTurretFriendly 80 111 114 116 97 108 84 117 114 114 101 116 70 114 105 101 110 100 108 121
35747 Ura_Melee_Male 85 114 97 95 77 101 108 101 101 95 77 97 108 101
35908 Ura_Melee_Male 85 114 97 95 77 101 108 101 101 95 77 97 108 101
125754 Ura_Melee_Male 85 114 97 95 77 101 108 101 101 95 77 97 108 101
125905 Ura_Melee_Male 85 114 97 95 77 101 108 101 101 95 77 97 108 101
128942 Ura_Ranged_Female 85 114 97 95 82 97 110 103 101 100 95 70 101 109 97 108 101
129110 Ura_Melee_Male 85 114 97 95 77 101 108 101 101 95 77 97 108 101
129275 Ura_Melee_Male 85 114 97 95 77 101 108 101 101 95 77 97 108 101
158490 Ura_Melee_Male 85 114 97 95 77 101 108 101 101 95 77 97 108 101
158643 Ura_Melee_Male 85 114 97 95 77 101 108 101 101 95 77 97 108 101
158797 Ura_Melee_Male 85 114 97 95 77 101 108 101 101 95 77 97 108 101
158949 Ura_Melee_Male 85 114 97 95 77 101 108 101 101 95 77 97 108 101
159124 Ura_Melee_Male 85 114 97 95 77 101 108 101 101 95 77 97 108 101