4
2062 HeavyMeleeLunge 72 101 97 118 121 77 101 108 101 101 76 117 110 103 101
3232 BigSupport_Trail 66 105 103 83 117 112 112 111 114 116 95 84 114 97 105 108
4284 LightMelee 76 105 103 104 116 77 101 108 101 101
4722 LightMeleeScared 76 105 103 104 116 77 101 108 101 101 83 99 97 114 101 100
5019 LightMeleeScared 76 105 103 104 116 77 101 108 101 101 83 99 97 114 101 100
5166 LightMeleeScared 76 105 103 104 116 77 101 108 101 101 83 99 97 114 101 100
5912 BigSupport_Trail 66 105 103 83 117 112 112 111 114 116 95 84 114 97 105 108
6351 BigSupport_Trail 66 105 103 83 117 112 112 111 114 116 95 84 114 97 105 108
7378 LightMeleeScared 76 105 103 104 116 77 101 108 101 101 83 99 97 114 101 100
7671 LightMeleeScared 76 105 103 104 116 77 101 108 101 101 83 99 97 114 101 100
7818 LightMeleeScared 76 105 103 104 116 77 101 108 101 101 83 99 97 114 101 100
7965 LightMeleeScared 76 105 103 104 116 77 101 108 101 101 83 99 97 114 101 100
8112 LightMeleeLarge 76 105 103 104 116 77 101 108 101 101 76 97 114 103 101
8258 BigSupport_Trail 66 105 103 83 117 112 112 111 114 116 95 84 114 97 105 108
9765 LightMeleeSpawnerVolley 76 105 103 104 116 77 101 108 101 101 83 112 97 119 110 101 114 86 111 108 108 101 121
16809 HeavyMeleeSlam 72 101 97 118 121 77 101 108 101 101 83 108 97 109
16954 HeavyMeleeWhirlwind 72 101 97 118 121 77 101 108 101 101 87 104 105 114 108 119 105 110 100
17680 LightMeleeSpawner 76 105 103 104 116 77 101 108 101 101 83 112 97 119 110 101 114
24972 HeavyMelee 72 101 97 118 121 77 101 108 101 101
30218 Turret 84 117 114 114 101 116
30355 LightMelee 76 105 103 104 116 77 101 108 101 101
30496 LightMeleeLarge 76 105 103 104 116 77 101 108 101 101 76 97 114 103 101
56545 LightMelee 76 105 103 104 116 77 101 108 101 101
83984 LightMeleeScared 76 105 103 104 116 77 101 108 101 101 83 99 97 114 101 100
94120 BigSupport_Lunge 66 105 103 83 117 112 112 111 114 116 95 76 117 110 103 101
104272 HeavyMeleeEasy 72 101 97 118 121 77 101 108 101 101 69 97 115 121
104415 HeavyMeleeEasy 72 101 97 118 121 77 101 108 101 101 69 97 115 121
104558 HeavyMeleeEasy 72 101 97 118 121 77 101 108 101 101 69 97 115 121
142689 HeavyMeleeSlam 72 101 97 118 121 77 101 108 101 101 83 108 97 109
142844 HeavyMeleeSlam 72 101 97 118 121 77 101 108 101 101 83 108 97 109
142999 HeavyMeleeSlam 72 101 97 118 121 77 101 108 101 101 83 108 97 109
143154 HeavyMeleeSlam 72 101 97 118 121 77 101 108 101 101 83 108 97 109
143309 HeavyMeleeSlam 72 101 97 118 121 77 101 108 101 101 83 108 97 109
143464 HeavyMeleeSlam 72 101 97 118 121 77 101 108 101 101 83 108 97 109
143775 HeavyMeleeSlam 72 101 97 118 121 77 101 108 101 101 83 108 97 109
143930 HeavyMeleeSlam 72 101 97 118 121 77 101 108 101 101 83 108 97 109
144086 HeavyMeleeSlam 72 101 97 118 121 77 101 108 101 101 83 108 97 109
144237 Turret 84 117 114 114 101 116
144259 Turret 84 117 114 114 101 116
144298 Turret 84 117 114 114 101 116
144375 Turret 84 117 114 114 101 116
144841 LightMelee 76 105 103 104 116 77 101 108 101 101
144998 LightMelee 76 105 103 104 116 77 101 108 101 101
145155 LightMelee 76 105 103 104 116 77 101 108 101 101
145312 LightMelee 76 105 103 104 116 77 101 108 101 101
145469 LightMelee 76 105 103 104 116 77 101 108 101 101
145626 LightMelee 76 105 103 104 116 77 101 108 101 101
145799 HeavyMeleeEasy_Box 72 101 97 118 121 77 101 108 101 101 69 97 115 121 95 66 111 120
145944 HeavyMeleeEasy_Box 72 101 97 118 121 77 101 108 101 101 69 97 115 121 95 66 111 120
146632 HeavyMeleeLunge 72 101 97 118 121 77 101 108 101 101 76 117 110 103 101
153298 LightMelee 76 105 103 104 116 77 101 108 101 101
153453 LightMelee 76 105 103 104 116 77 101 108 101 101
153608 LightMelee 76 105 103 104 116 77 101 108 101 101
153763 LightMelee 76 105 103 104 116 77 101 108 101 101
153918 LightMelee 76 105 103 104 116 77 101 108 101 101
154091 LightMelee 76 105 103 104 116 77 101 108 101 101
154232 LightMelee 76 105 103 104 116 77 101 108 101 101
154373 LightMelee 76 105 103 104 116 77 101 108 101 101
154514 LightMelee 76 105 103 104 116 77 101 108 101 101
154655 LightMelee 76 105 103 104 116 77 101 108 101 101
154796 LightMelee 76 105 103 104 116 77 101 108 101 101
154937 LightMelee 76 105 103 104 116 77 101 108 101 101
155078 LightMelee 76 105 103 104 116 77 101 108 101 101
155219 LightMelee 76 105 103 104 116 77 101 108 101 101
155360 LightMelee 76 105 103 104 116 77 101 108 101 101
155501 LightMelee 76 105 103 104 116 77 101 108 101 101
155642 LightMelee 76 105 103 104 116 77 101 108 101 101
155783 LightMelee 76 105 103 104 116 77 101 108 101 101
155924 LightMelee 76 105 103 104 116 77 101 108 101 101
156065 LightMelee 76 105 103 104 116 77 101 108 101 101
156206 LightMelee 76 105 103 104 116 77 101 108 101 101
156347 LightMelee 76 105 103 104 116 77 101 108 101 101
156488 LightMelee 76 105 103 104 116 77 101 108 101 101
156629 LightMelee 76 105 103 104 116 77 101 108 101 101
156770 LightMelee 76 105 103 104 116 77 101 108 101 101
156911 LightMelee 76 105 103 104 116 77 101 108 101 101
157052 LightMelee 76 105 103 104 116 77 101 108 101 101
157193 LightMelee 76 105 103 104 116 77 101 108 101 101
157334 LightMelee 76 105 103 104 116 77 101 108 101 101
157475 LightMelee 76 105 103 104 116 77 101 108 101 101
157616 LightMelee 76 105 103 104 116 77 101 108 101 101
157757 LightMelee 76 105 103 104 116 77 101 108 101 101
157898 LightMelee 76 105 103 104 116 77 101 108 101 101
158039 LightMelee 76 105 103 104 116 77 101 108 101 101
158180 LightMelee 76 105 103 104 116 77 101 108 101 101
158321 LightMelee 76 105 103 104 116 77 101 108 101 101
158462 LightMelee 76 105 103 104 116 77 101 108 101 101
158603 LightMelee 76 105 103 104 116 77 101 108 101 101
158744 LightMelee 76 105 103 104 116 77 101 108 101 101
158885 LightMelee 76 105 103 104 116 77 101 108 101 101