12
810 LassoCageSpecial 76 97 115 115 111 67 97 103 101 83 112 101 99 105 97 108
2571 Stinkweed_Bulb 83 116 105 110 107 119 101 101 100 95 66 117 108 98 
4203 Turtle 84 117 114 116 108 101
4636 Stinkweed_Bulb 83 116 105 110 107 119 101 101 100 95 66 117 108 98 
4781 Frog 70 114 111 103
4916 Spineweed_Nova 83 112 105 110 101 119 101 101 100 95 78 111 118 97
5209 Spineweed 83 112 105 110 101 119 101 101 100
9618 Stinkweed_Bulb 83 116 105 110 107 119 101 101 100 95 66 117 108 98 
9763 Stinkweed_Bulb 83 116 105 110 107 119 101 101 100 95 66 117 108 98 
9908 Stinkweed_Bulb 83 116 105 110 107 119 101 101 100 95 66 117 108 98 
10791 Stinkweed_Bulb 83 116 105 110 107 119 101 101 100 95 66 117 108 98 
10936 Turtle 84 117 114 116 108 101
11219 FlyingSwarmer_Pest 70 108 121 105 110 103 83 119 97 114 109 101 114 95 80 101 115 116
12267 Stinkweed_Bulb 83 116 105 110 107 119 101 101 100 95 66 117 108 98 
12412 Stinkweed_Bulb 83 116 105 110 107 119 101 101 100 95 66 117 108 98 
21023 FlyingSwarmer_Harasser 70 108 121 105 110 103 83 119 97 114 109 101 114 95 72 97 114 97 115 115 101 114
21176 FlyingSwarmer_Harasser 70 108 121 105 110 103 83 119 97 114 109 101 114 95 72 97 114 97 115 115 101 114
21329 Spineweed_Nova 83 112 105 110 101 119 101 101 100 95 78 111 118 97
21474 Spineweed 83 112 105 110 101 119 101 101 100
21614 Stinkweed_Bulb 83 116 105 110 107 119 101 101 100 95 66 117 108 98 
21759 Stinkweed_Bulb 83 116 105 110 107 119 101 101 100 95 66 117 108 98 
22930 Frog 70 114 111 103
30410 FlyingSwarmer_Pest_Aggressive 70 108 121 105 110 103 83 119 97 114 109 101 114 95 80 101 115 116 95 65 103 103 114 101 115 115 105 118 101
30572 FlyingSwarmer_Pest_Aggressive 70 108 121 105 110 103 83 119 97 114 109 101 114 95 80 101 115 116 95 65 103 103 114 101 115 115 105 118 101
30734 FlyingSwarmer_Pest_Aggressive 70 108 121 105 110 103 83 119 97 114 109 101 114 95 80 101 115 116 95 65 103 103 114 101 115 115 105 118 101
30896 FlyingSwarmer_Pest_Aggressive 70 108 121 105 110 103 83 119 97 114 109 101 114 95 80 101 115 116 95 65 103 103 114 101 115 115 105 118 101
31058 FlyingSwarmer_Pest_Aggressive 70 108 121 105 110 103 83 119 97 114 109 101 114 95 80 101 115 116 95 65 103 103 114 101 115 115 105 118 101
31220 FlyingSwarmer_Pest_Aggressive 70 108 121 105 110 103 83 119 97 114 109 101 114 95 80 101 115 116 95 65 103 103 114 101 115 115 105 118 101
31401 FlyingSwarmer 70 108 121 105 110 103 83 119 97 114 109 101 114
31585 FlyingSwarmer_Pest_Aggressive 70 108 121 105 110 103 83 119 97 114 109 101 114 95 80 101 115 116 95 65 103 103 114 101 115 115 105 118 101
31747 FlyingSwarmer_Pest_Aggressive 70 108 121 105 110 103 83 119 97 114 109 101 114 95 80 101 115 116 95 65 103 103 114 101 115 115 105 118 101
31909 FlyingSwarmer_Pest_Aggressive 70 108 121 105 110 103 83 119 97 114 109 101 114 95 80 101 115 116 95 65 103 103 114 101 115 115 105 118 101
32071 FlyingSwarmer_Pest_Aggressive 70 108 121 105 110 103 83 119 97 114 109 101 114 95 80 101 115 116 95 65 103 103 114 101 115 115 105 118 101
32233 FlyingSwarmer_Pest_Aggressive 70 108 121 105 110 103 83 119 97 114 109 101 114 95 80 101 115 116 95 65 103 103 114 101 115 115 105 118 101
32416 Spineweed 83 112 105 110 101 119 101 101 100
32583 Spineweed 83 112 105 110 101 119 101 101 100
32729 Spineweed 83 112 105 110 101 119 101 101 100
247919 Spineweed 83 112 105 110 101 119 101 101 100
248084 FlyingSwarmer 70 108 121 105 110 103 83 119 97 114 109 101 114
391744 Spineweed 83 112 105 110 101 119 101 101 100
391890 Spineweed 83 112 105 110 101 119 101 101 100
392036 Spineweed 83 112 105 110 101 119 101 101 100
392203 Spineweed_Nova 83 112 105 110 101 119 101 101 100 95 78 111 118 97
392354 Spineweed_Nova 83 112 105 110 101 119 101 101 100 95 78 111 118 97
392525 HeavyMelee 72 101 97 118 121 77 101 108 101 101
392670 HeavyMelee 72 101 97 118 121 77 101 108 101 101
392812 Turtle 84 117 114 116 108 101
392833 Turtle 84 117 114 116 108 101