5
22447 Turret 84 117 114 114 101 116
22900 Turret 84 117 114 114 101 116
23039 Turret 84 117 114 114 101 116
23178 Turret 84 117 114 114 101 116
23317 Turret 84 117 114 114 101 116
23456 HeavyMelee 72 101 97 118 121 77 101 108 101 101
27665 LightMeleeSpawnerVolley 76 105 103 104 116 77 101 108 101 101 83 112 97 119 110 101 114 86 111 108 108 101 121
27840 LightMeleeScared 76 105 103 104 116 77 101 108 101 101 83 99 97 114 101 100
27993 HeavyMelee 72 101 97 118 121 77 101 108 101 101
41410 LightMelee 76 105 103 104 116 77 101 108 101 101
41557 LightMelee 76 105 103 104 116 77 101 108 101 101
41704 LightMelee 76 105 103 104 116 77 101 108 101 101
41851 LightMelee 76 105 103 104 116 77 101 108 101 101
41998 LightMelee 76 105 103 104 116 77 101 108 101 101
42145 LightMelee 76 105 103 104 116 77 101 108 101 101
42292 LightMelee 76 105 103 104 116 77 101 108 101 101
42439 LightMelee 76 105 103 104 116 77 101 108 101 101
42586 LightMelee 76 105 103 104 116 77 101 108 101 101
42935 HeavyMelee 72 101 97 118 121 77 101 108 101 101
137636 HeavyMeleeEasy_Box 72 101 97 118 121 77 101 108 101 101 69 97 115 121 95 66 111 120
137783 HeavyMeleeEasy_Box 72 101 97 118 121 77 101 108 101 101 69 97 115 121 95 66 111 120
138227 TurretFlame 84 117 114 114 101 116 70 108 97 109 101
138363 LightMeleeScared 76 105 103 104 116 77 101 108 101 101 83 99 97 114 101 100
138508 LightMeleeScared 76 105 103 104 116 77 101 108 101 101 83 99 97 114 101 100
139788 HeavyMeleeEasy 72 101 97 118 121 77 101 108 101 101 69 97 115 121
139931 HeavyMeleeEasy 72 101 97 118 121 77 101 108 101 101 69 97 115 121
140074 HeavyMeleeEasy 72 101 97 118 121 77 101 108 101 101 69 97 115 121
140494 TurretHoming 84 117 114 114 101 116 72 111 109 105 110 103
140631 Turret 84 117 114 114 101 116
140766 TurretFlame 84 117 114 114 101 116 70 108 97 109 101
141461 LightMeleeScared 76 105 103 104 116 77 101 108 101 101 83 99 97 114 101 100
141887 LightMeleeLarge 76 105 103 104 116 77 101 108 101 101 76 97 114 103 101
142027 Turret 84 117 114 114 101 116
142447 Turret 84 117 114 114 101 116
142582 TurretHoming 84 117 114 114 101 116 72 111 109 105 110 103
144290 LightMeleeScared 76 105 103 104 116 77 101 108 101 101 83 99 97 114 101 100
144435 LightMeleeScared 76 105 103 104 116 77 101 108 101 101 83 99 97 114 101 100
144580 Turret 84 117 114 114 101 116
145003 HeavyMeleeLunge 72 101 97 118 121 77 101 108 101 101 76 117 110 103 101
145690 TurretFlame 84 117 114 114 101 116 70 108 97 109 101
145830 TurretFlame 84 117 114 114 101 116 70 108 97 109 101
145970 Turret 84 117 114 114 101 116
146101 Turret 84 117 114 114 101 116
147604 BigSupport_Volley 66 105 103 83 117 112 112 111 114 116 95 86 111 108 108 101 121
148739 TurretFlame 84 117 114 114 101 116 70 108 97 109 101
154454 Turret 84 117 114 114 101 116
154589 Turret 84 117 114 114 101 116
156445 Turret 84 117 114 114 101 116
158297 HeavyMeleeEasy_Box 72 101 97 118 121 77 101 108 101 101 69 97 115 121 95 66 111 120
160877 HeavyMeleeEasy 72 101 97 118 121 77 101 108 101 101 69 97 115 121
164045 HeavyMeleeEasy_Box 72 101 97 118 121 77 101 108 101 101 69 97 115 121 95 66 111 120
164353 HeavyMelee 72 101 97 118 121 77 101 108 101 101
164496 Turret 84 117 114 114 101 116
164635 TurretFlame 84 117 114 114 101 116 70 108 97 109 101
164779 TurretFlame 84 117 114 114 101 116 70 108 97 109 101
164923 Turret 84 117 114 114 101 116
165081 HeavyMeleeEasy_Box 72 101 97 118 121 77 101 108 101 101 69 97 115 121 95 66 111 120
165232 HeavyMeleeEasy_Box 72 101 97 118 121 77 101 108 101 101 69 97 115 121 95 66 111 120
165383 HeavyMeleeEasy_Box 72 101 97 118 121 77 101 108 101 101 69 97 115 121 95 66 111 120
165534 HeavyMeleeEasy_Box 72 101 97 118 121 77 101 108 101 101 69 97 115 121 95 66 111 120
165685 Turret 84 117 114 114 101 116
165828 Turret 84 117 114 114 101 116
166147 HeavyMeleeEasy_Box 72 101 97 118 121 77 101 108 101 101 69 97 115 121 95 66 111 120
166298 HeavyMeleeEasy_Box 72 101 97 118 121 77 101 108 101 101 69 97 115 121 95 66 111 120
166449 HeavyMelee_Box 72 101 97 118 121 77 101 108 101 101 95 66 111 120
166753 HeavyMeleeEasy_Box 72 101 97 118 121 77 101 108 101 101 69 97 115 121 95 66 111 120
166904 HeavyMeleeEasy_Box 72 101 97 118 121 77 101 108 101 101 69 97 115 121 95 66 111 120
167055 HeavyMeleeEasy_Box 72 101 97 118 121 77 101 108 101 101 69 97 115 121 95 66 111 120
167363 HeavyMeleeEasy_Box 72 101 97 118 121 77 101 108 101 101 69 97 115 121 95 66 111 120
167671 HeavyMeleeEasy_Box 72 101 97 118 121 77 101 108 101 101 69 97 115 121 95 66 111 120
167979 HeavyMeleeEasy_Box 72 101 97 118 121 77 101 108 101 101 69 97 115 121 95 66 111 120