26
523 TurretBeam 84 117 114 114 101 116 66 101 97 109
76314 TurretBeam 84 117 114 114 101 116 66 101 97 109
76455 TurretBeam 84 117 114 114 101 116 66 101 97 109
76596 TurretBeam 84 117 114 114 101 116 66 101 97 109
78087 Ura_Melee_Female 85 114 97 95 77 101 108 101 101 95 70 101 109 97 108 101
78228 Ura_Melee_Male 85 114 97 95 77 101 108 101 101 95 77 97 108 101
78367 Ura_Ranged_Male 85 114 97 95 82 97 110 103 101 100 95 77 97 108 101
78507 Ura_Melee_Male 85 114 97 95 77 101 108 101 101 95 77 97 108 101
78646 Ura_Melee_Male 85 114 97 95 77 101 108 101 101 95 77 97 108 101
78785 Ura_Melee_Male 85 114 97 95 77 101 108 101 101 95 77 97 108 101
78924 Ura_Melee_Male 85 114 97 95 77 101 108 101 101 95 77 97 108 101
79063 Ura_Melee_Female 85 114 97 95 77 101 108 101 101 95 70 101 109 97 108 101
79204 Ura_Melee_Female 85 114 97 95 77 101 108 101 101 95 70 101 109 97 108 101
79345 Ura_Melee_Female_Relentless 85 114 97 95 77 101 108 101 101 95 70 101 109 97 108 101 95 82 101 108 101 110 116 108 101 115 115
84172 Firefly_Sleeper 70 105 114 101 102 108 121 95 83 108 101 101 112 101 114
84320 Firefly_Sleeper 70 105 114 101 102 108 121 95 83 108 101 101 112 101 114
84468 Firefly_Sleeper 70 105 114 101 102 108 121 95 83 108 101 101 112 101 114
84616 Firefly_Sleeper 70 105 114 101 102 108 121 95 83 108 101 101 112 101 114
84764 Firefly_Sleeper 70 105 114 101 102 108 121 95 83 108 101 101 112 101 114
84912 Firefly_Sleeper 70 105 114 101 102 108 121 95 83 108 101 101 112 101 114
85060 Firefly_Sleeper 70 105 114 101 102 108 121 95 83 108 101 101 112 101 114
85258 Ura_Melee_Male 85 114 97 95 77 101 108 101 101 95 77 97 108 101
85397 Ura_Melee_Male 85 114 97 95 77 101 108 101 101 95 77 97 108 101
85536 Ura_Melee_Male 85 114 97 95 77 101 108 101 101 95 77 97 108 101
85675 Ura_Melee_Male 85 114 97 95 77 101 108 101 101 95 77 97 108 101
85814 Ura_Melee_Female 85 114 97 95 77 101 108 101 101 95 70 101 109 97 108 101
85970 Ura_Melee_Female 85 114 97 95 77 101 108 101 101 95 70 101 109 97 108 101
86111 Ura_Melee_Female 85 114 97 95 77 101 108 101 101 95 70 101 109 97 108 101
86252 Ura_Melee_Female 85 114 97 95 77 101 108 101 101 95 70 101 109 97 108 101
89208 Ura_Melee_Female 85 114 97 95 77 101 108 101 101 95 70 101 109 97 108 101
90029 Ura_Ranged_Male 85 114 97 95 82 97 110 103 101 100 95 77 97 108 101
90173 Ura_Ranged_Male 85 114 97 95 82 97 110 103 101 100 95 77 97 108 101
90317 Ura_Ranged_Male 85 114 97 95 82 97 110 103 101 100 95 77 97 108 101
90461 Ura_Ranged_Male 85 114 97 95 82 97 110 103 101 100 95 77 97 108 101
90605 Ura_Ranged_Female 85 114 97 95 82 97 110 103 101 100 95 70 101 109 97 108 101
90751 Ura_Ranged_Male 85 114 97 95 82 97 110 103 101 100 95 77 97 108 101
90895 Ura_Ranged_Male 85 114 97 95 82 97 110 103 101 100 95 77 97 108 101
91039 Ura_Melee_Male 85 114 97 95 77 101 108 101 101 95 77 97 108 101
91182 Ura_Melee_Male 85 114 97 95 77 101 108 101 101 95 77 97 108 101
91325 Ura_Melee_Male 85 114 97 95 77 101 108 101 101 95 77 97 108 101
91468 Ura_Melee_Male 85 114 97 95 77 101 108 101 101 95 77 97 108 101
91632 Ura_Melee_Male 85 114 97 95 77 101 108 101 101 95 77 97 108 101
91783 Ura_Ranged_Male 85 114 97 95 82 97 110 103 101 100 95 77 97 108 101
91935 Ura_Melee_Male 85 114 97 95 77 101 108 101 101 95 77 97 108 101
92086 Ura_Melee_Male 85 114 97 95 77 101 108 101 101 95 77 97 108 101
92258 Ura_Melee_Female 85 114 97 95 77 101 108 101 101 95 70 101 109 97 108 101
92411 Ura_Melee_Female 85 114 97 95 77 101 108 101 101 95 70 101 109 97 108 101
92564 Ura_Melee_Female 85 114 97 95 77 101 108 101 101 95 70 101 109 97 108 101
92717 Ura_Melee_Female 85 114 97 95 77 101 108 101 101 95 70 101 109 97 108 101
93040 Ura_Ranged_Male 85 114 97 95 82 97 110 103 101 100 95 77 97 108 101
93192 Ura_Ranged_Male 85 114 97 95 82 97 110 103 101 100 95 77 97 108 101
93344 Ura_Ranged_Female 85 114 97 95 82 97 110 103 101 100 95 70 101 109 97 108 101
93519 Ura_Ranged_Female_Unpredictable 85 114 97 95 82 97 110 103 101 100 95 70 101 109 97 108 101 95 85 110 112 114 101 100 105 99 116 97 98 108 101
93687 Ura_Melee_Male 85 114 97 95 77 101 108 101 101 95 77 97 108 101
94355 Ura_Ranged_Male 85 114 97 95 82 97 110 103 101 100 95 77 97 108 101
94505 Ura_Melee_Male 85 114 97 95 77 101 108 101 101 95 77 97 108 101
94654 Ura_Melee_Female 85 114 97 95 77 101 108 101 101 95 70 101 109 97 108 101
94805 Ura_Melee_Female 85 114 97 95 77 101 108 101 101 95 70 101 109 97 108 101
160454 Ura_Melee_Male 85 114 97 95 77 101 108 101 101 95 77 97 108 101
160599 Ura_Melee_Female 85 114 97 95 77 101 108 101 101 95 70 101 109 97 108 101
160746 Ura_Melee_Male 85 114 97 95 77 101 108 101 101 95 77 97 108 101
160891 Ura_Melee_Female 85 114 97 95 77 101 108 101 101 95 70 101 109 97 108 101
162951 Ura_Ranged_Male 85 114 97 95 82 97 110 103 101 100 95 77 97 108 101
163097 Ura_Ranged_Male 85 114 97 95 82 97 110 103 101 100 95 77 97 108 101
163243 Ura_Melee_Female_Relentless 85 114 97 95 77 101 108 101 101 95 70 101 109 97 108 101 95 82 101 108 101 110 116 108 101 115 115
163419 Ura_Ranged_Male 85 114 97 95 82 97 110 103 101 100 95 77 97 108 101
163565 Ura_Melee_Male 85 114 97 95 77 101 108 101 101 95 77 97 108 101
163710 Ura_Ranged_Female 85 114 97 95 82 97 110 103 101 100 95 70 101 109 97 108 101
163858 Ura_Ranged_Male 85 114 97 95 82 97 110 103 101 100 95 77 97 108 101
164004 Ura_Melee_Male 85 114 97 95 77 101 108 101 101 95 77 97 108 101
164149 Ura_Ranged_Male 85 114 97 95 82 97 110 103 101 100 95 77 97 108 101
164295 Ura_Ranged_Male 85 114 97 95 82 97 110 103 101 100 95 77 97 108 101
164441 Ura_Ranged_Male 85 114 97 95 82 97 110 103 101 100 95 77 97 108 101
164587 Ura_Ranged_Male 85 114 97 95 82 97 110 103 101 100 95 77 97 108 101
164733 Ura_Ranged_Male 85 114 97 95 82 97 110 103 101 100 95 77 97 108 101
164879 Ura_Ranged_Male_NoDefense 85 114 97 95 82 97 110 103 101 100 95 77 97 108 101 95 78 111 68 101 102 101 110 115 101
165062 Ura_Melee_Male_Deadly_Special 85 114 97 95 77 101 108 101 101 95 77 97 108 101 95 68 101 97 100 108 121 95 83 112 101 99 105 97 108
165258 Ura_Melee_Male 85 114 97 95 77 101 108 101 101 95 77 97 108 101
165403 Ura_Melee_Male 85 114 97 95 77 101 108 101 101 95 77 97 108 101
165548 Ura_Melee_Male 85 114 97 95 77 101 108 101 101 95 77 97 108 101
165693 Ura_Melee_Male 85 114 97 95 77 101 108 101 101 95 77 97 108 101
165838 Ura_Melee_Male 85 114 97 95 77 101 108 101 101 95 77 97 108 101
166858 Ura_Ranged_Female 85 114 97 95 82 97 110 103 101 100 95 70 101 109 97 108 101
167006 Ura_Melee_Female 85 114 97 95 77 101 108 101 101 95 70 101 109 97 108 101
167153 Ura_Ranged_Female 85 114 97 95 82 97 110 103 101 100 95 70 101 109 97 108 101
167301 Ura_Melee_Female 85 114 97 95 77 101 108 101 101 95 70 101 109 97 108 101
167448 Ura_Melee_Female 85 114 97 95 77 101 108 101 101 95 70 101 109 97 108 101
167595 Ura_Melee_Female 85 114 97 95 77 101 108 101 101 95 70 101 109 97 108 101
167742 Ura_Melee_Male 85 114 97 95 77 101 108 101 101 95 77 97 108 101
167887 Ura_Melee_Female 85 114 97 95 77 101 108 101 101 95 70 101 109 97 108 101
168034 Ura_Melee_Female 85 114 97 95 77 101 108 101 101 95 70 101 109 97 108 101
168181 Ura_Ranged_Female 85 114 97 95 82 97 110 103 101 100 95 70 101 109 97 108 101
168329 Ura_Melee_Male 85 114 97 95 77 101 108 101 101 95 77 97 108 101
168474 Ura_Melee_Male 85 114 97 95 77 101 108 101 101 95 77 97 108 101
168619 Ura_Melee_Male 85 114 97 95 77 101 108 101 101 95 77 97 108 101
168764 Ura_Ranged_Male 85 114 97 95 82 97 110 103 101 100 95 77 97 108 101
168910 Ura_Ranged_Male 85 114 97 95 82 97 110 103 101 100 95 77 97 108 101
169056 Ura_Ranged_Male 85 114 97 95 82 97 110 103 101 100 95 77 97 108 101
169202 Ura_Ranged_Male 85 114 97 95 82 97 110 103 101 100 95 77 97 108 101
169348 Ura_Ranged_Male 85 114 97 95 82 97 110 103 101 100 95 77 97 108 101
169494 Ura_Ranged_Male 85 114 97 95 82 97 110 103 101 100 95 77 97 108 101
169640 Ura_Ranged_Male 85 114 97 95 82 97 110 103 101 100 95 77 97 108 101
169786 Ura_Melee_Male 85 114 97 95 77 101 108 101 101 95 77 97 108 101
169931 Ura_Melee_Male 85 114 97 95 77 101 108 101 101 95 77 97 108 101
170076 Ura_Melee_Male 85 114 97 95 77 101 108 101 101 95 77 97 108 101
170221 Ura_Melee_Male 85 114 97 95 77 101 108 101 101 95 77 97 108 101
170382 Bull 66 117 108 108
170513 Bull 66 117 108 108
397385 TurretBeam 84 117 114 114 101 116 66 101 97 109
397534 TurretBeam 84 117 114 114 101 116 66 101 97 109