23
1107 Ura_Ranged_Male 85 114 97 95 82 97 110 103 101 100 95 77 97 108 101
62720 Ura_Melee_Male_Deadly_Special 85 114 97 95 77 101 108 101 101 95 77 97 108 101 95 68 101 97 100 108 121 95 83 112 101 99 105 97 108
70054 TurretBeam 84 117 114 114 101 116 66 101 97 109
70203 TurretBeam 84 117 114 114 101 116 66 101 97 109
70352 TurretBeam 84 117 114 114 101 116 66 101 97 109
70501 TurretBeam 84 117 114 114 101 116 66 101 97 109
70650 TurretBeam 84 117 114 114 101 116 66 101 97 109
70799 TurretBeam 84 117 114 114 101 116 66 101 97 109
70948 Ura_Ranged_Male_Poison 85 114 97 95 82 97 110 103 101 100 95 77 97 108 101 95 80 111 105 115 111 110
71109 Ura_Melee_Female 85 114 97 95 77 101 108 101 101 95 70 101 109 97 108 101
71264 Ura_Melee_Male 85 114 97 95 77 101 108 101 101 95 77 97 108 101
71417 Ura_Melee_Female 85 114 97 95 77 101 108 101 101 95 70 101 109 97 108 101
71572 Ura_Ranged_Female 85 114 97 95 82 97 110 103 101 100 95 70 101 109 97 108 101
71728 Ura_Ranged_Female_Unpredictable 85 114 97 95 82 97 110 103 101 100 95 70 101 109 97 108 101 95 85 110 112 114 101 100 105 99 116 97 98 108 101
71898 Ura_Ranged_Female_Unpredictable 85 114 97 95 82 97 110 103 101 100 95 70 101 109 97 108 101 95 85 110 112 114 101 100 105 99 116 97 98 108 101
72068 Ura_Melee_Female_Relentless 85 114 97 95 77 101 108 101 101 95 70 101 109 97 108 101 95 82 101 108 101 110 116 108 101 115 115
72234 Ura_Melee_Male 85 114 97 95 77 101 108 101 101 95 77 97 108 101
72387 Ura_Ranged_Male_Poison 85 114 97 95 82 97 110 103 101 100 95 77 97 108 101 95 80 111 105 115 111 110
72548 Firefly_Sleeper_Spawner 70 105 114 101 102 108 121 95 83 108 101 101 112 101 114 95 83 112 97 119 110 101 114
72710 Ura_Melee_Male 85 114 97 95 77 101 108 101 101 95 77 97 108 101
72863 Ura_Ranged_Male 85 114 97 95 82 97 110 103 101 100 95 77 97 108 101
73017 Ura_Ranged_Male 85 114 97 95 82 97 110 103 101 100 95 77 97 108 101
73171 Ura_Ranged_Male 85 114 97 95 82 97 110 103 101 100 95 77 97 108 101
73364 Ura_Melee_Female 85 114 97 95 77 101 108 101 101 95 70 101 109 97 108 101
73521 Ura_Melee_Female 85 114 97 95 77 101 108 101 101 95 70 101 109 97 108 101
73679 Ura_Melee_Female 85 114 97 95 77 101 108 101 101 95 70 101 109 97 108 101
73835 Ura_Melee_Female 85 114 97 95 77 101 108 101 101 95 70 101 109 97 108 101
73992 Ura_Melee_Female 85 114 97 95 77 101 108 101 101 95 70 101 109 97 108 101
74149 Ura_Melee_Female 85 114 97 95 77 101 108 101 101 95 70 101 109 97 108 101
79583 Mole_Mini 77 111 108 101 95 77 105 110 105
79719 Mole_Mini 77 111 108 101 95 77 105 110 105
79855 Mole_Mini 77 111 108 101 95 77 105 110 105
79991 Mole_Mini 77 111 108 101 95 77 105 110 105
80127 Mole 77 111 108 101
80258 Mole_Mini 77 111 108 101 95 77 105 110 105
80394 Mole_Mini 77 111 108 101 95 77 105 110 105
80530 Mole_Mini 77 111 108 101 95 77 105 110 105
80688 Ura_Melee_Male 85 114 97 95 77 101 108 101 101 95 77 97 108 101
80841 Ura_Melee_Male 85 114 97 95 77 101 108 101 101 95 77 97 108 101
80994 Ura_Melee_Male 85 114 97 95 77 101 108 101 101 95 77 97 108 101
81147 Ura_Melee_Male 85 114 97 95 77 101 108 101 101 95 77 97 108 101
81320 Ura_Ranged_Female 85 114 97 95 82 97 110 103 101 100 95 70 101 109 97 108 101
81472 Ura_Ranged_Female 85 114 97 95 82 97 110 103 101 100 95 70 101 109 97 108 101
95950 Mole_Mini 77 111 108 101 95 77 105 110 105
96086 Mole_Mini 77 111 108 101 95 77 105 110 105
96222 Mole_Mini 77 111 108 101 95 77 105 110 105
167436 Ura_Melee_Male 85 114 97 95 77 101 108 101 101 95 77 97 108 101