24
228678 Ura_Melee_Male 85 114 97 95 77 101 108 101 101 95 77 97 108 101
228817 Ura_Melee_Female 85 114 97 95 77 101 108 101 101 95 70 101 109 97 108 101
228958 Ura_Ranged_Male 85 114 97 95 82 97 110 103 101 100 95 77 97 108 101
236754 Ura_Melee_Male_Deadly 85 114 97 95 77 101 108 101 101 95 77 97 108 101 95 68 101 97 100 108 121
236915 Ura_Melee_Male 85 114 97 95 77 101 108 101 101 95 77 97 108 101
237054 Ura_Melee_Male 85 114 97 95 77 101 108 101 101 95 77 97 108 101
237208 Ura_Melee_Male 85 114 97 95 77 101 108 101 101 95 77 97 108 101
237347 Ura_Melee_Male 85 114 97 95 77 101 108 101 101 95 77 97 108 101
268371 Ura_Ranged_Male_Poison 85 114 97 95 82 97 110 103 101 100 95 77 97 108 101 95 80 111 105 115 111 110
268550 Ura_Melee_Female 85 114 97 95 77 101 108 101 101 95 70 101 109 97 108 101
268723 Ura_Ranged_Male 85 114 97 95 82 97 110 103 101 100 95 77 97 108 101
268895 Ura_Ranged_Male 85 114 97 95 82 97 110 103 101 100 95 77 97 108 101
269067 Ura_Melee_Female 85 114 97 95 77 101 108 101 101 95 70 101 109 97 108 101
269240 TurretBeam 84 117 114 114 101 116 66 101 97 109
269576 TurretBeam 84 117 114 114 101 116 66 101 97 109
269743 Ura_Ranged_Male 85 114 97 95 82 97 110 103 101 100 95 77 97 108 101
269915 Ura_Ranged_Male 85 114 97 95 82 97 110 103 101 100 95 77 97 108 101
270087 Ura_Ranged_Male 85 114 97 95 82 97 110 103 101 100 95 77 97 108 101
270259 TurretBeam 84 117 114 114 101 116 66 101 97 109
270426 Ura_Ranged_Male 85 114 97 95 82 97 110 103 101 100 95 77 97 108 101
270598 TurretBeam 84 117 114 114 101 116 66 101 97 109
270765 Ura_Ranged_Male 85 114 97 95 82 97 110 103 101 100 95 77 97 108 101
270937 Ura_Ranged_Male 85 114 97 95 82 97 110 103 101 100 95 77 97 108 101
271109 Ura_Ranged_Male 85 114 97 95 82 97 110 103 101 100 95 77 97 108 101
271281 TurretBeam 84 117 114 114 101 116 66 101 97 109
271448 Ura_Melee_Male 85 114 97 95 77 101 108 101 101 95 77 97 108 101
271619 Ura_Ranged_Female 85 114 97 95 82 97 110 103 101 100 95 70 101 109 97 108 101
271793 TurretBeam 84 117 114 114 101 116 66 101 97 109
271960 TurretBeam 84 117 114 114 101 116 66 101 97 109
272127 Ura_Melee_Female 85 114 97 95 77 101 108 101 101 95 70 101 109 97 108 101
272300 Ura_Ranged_Male 85 114 97 95 82 97 110 103 101 100 95 77 97 108 101
272472 Ura_Melee_Female 85 114 97 95 77 101 108 101 101 95 70 101 109 97 108 101
272645 TurretBeam 84 117 114 114 101 116 66 101 97 109
272812 Ura_Melee_Female 85 114 97 95 77 101 108 101 101 95 70 101 109 97 108 101
272985 Ura_Ranged_Male 85 114 97 95 82 97 110 103 101 100 95 77 97 108 101
273157 Ura_Ranged_Female 85 114 97 95 82 97 110 103 101 100 95 70 101 109 97 108 101
273331 Ura_Ranged_Female_Unpredictable 85 114 97 95 82 97 110 103 101 100 95 70 101 109 97 108 101 95 85 110 112 114 101 100 105 99 116 97 98 108 101
273519 Ura_Melee_Female_Relentless 85 114 97 95 77 101 108 101 101 95 70 101 109 97 108 101 95 82 101 108 101 110 116 108 101 115 115