18
37796 Stinkweed 83 116 105 110 107 119 101 101 100
37936 Spineweed_Nova 83 112 105 110 101 119 101 101 100 95 78 111 118 97
38081 Stinkweed 83 116 105 110 107 119 101 101 100
38364 FlyingSwarmer_Pest 70 108 121 105 110 103 83 119 97 114 109 101 114 95 80 101 115 116
38513 FlyingSwarmer_Pest 70 108 121 105 110 103 83 119 97 114 109 101 114 95 80 101 115 116
38662 Spineweed_Nova 83 112 105 110 101 119 101 101 100 95 78 111 118 97
39392 Spineweed 83 112 105 110 101 119 101 101 100
39532 Mudgator_Small 77 117 100 103 97 116 111 114 95 83 109 97 108 108
39677 FlyingSwarmer_Gargoyle 70 108 121 105 110 103 83 119 97 114 109 101 114 95 71 97 114 103 111 121 108 101
40280 Stinkweed 83 116 105 110 107 119 101 101 100
40720 Spineweed_Nova 83 112 105 110 101 119 101 101 100 95 78 111 118 97
45763 Stinkweed_Bulb 83 116 105 110 107 119 101 101 100 95 66 117 108 98
47101 Spineweed_Nova 83 112 105 110 101 119 101 101 100 95 78 111 118 97
107559 Lasso 76 97 115 115 111
111210 Spineweed 83 112 105 110 101 119 101 101 100
111350 Spineweed 83 112 105 110 101 119 101 101 100
138723 Stinkweed_Lob 83 116 105 110 107 119 101 101 100 95 76 111 98
138867 Turtle 84 117 114 116 108 101
139004 Stinkweed_Lob 83 116 105 110 107 119 101 101 100 95 76 111 98
139148 Deepspawn_Stalagmite 68 101 101 112 115 112 97 119 110 95 83 116 97 108 97 103 109 105 116 101
139299 Deepspawn_Stalagmite 68 101 101 112 115 112 97 119 110 95 83 116 97 108 97 103 109 105 116 101
161889 Frog 70 114 111 103
162020 Frog 70 114 111 103
162151 Frog 70 114 111 103
162282 Frog 70 114 111 103
162413 Frog 70 114 111 103
322446 Turtle 84 117 114 116 108 101
322595 Spineweed 83 112 105 110 101 119 101 101 100
322747 Stinkweed_Lob 83 116 105 110 107 119 101 101 100 95 76 111 98
322903 Turtle 84 117 114 116 108 101
323052 Turtle 84 117 114 116 108 101
323201 TurtleCloud 84 117 114 116 108 101 67 108 111 117 100
323355 TurtleCloud 84 117 114 116 108 101 67 108 111 117 100
323509 Spineweed 83 112 105 110 101 119 101 101 100
323661 Spineweed 83 112 105 110 101 119 101 101 100
323813 Spineweed 83 112 105 110 101 119 101 101 100
323965 FlyingSwarmer_Gargoyle 70 108 121 105 110 103 83 119 97 114 109 101 114 95 71 97 114 103 111 121 108 101
324130 TurtleCloud 84 117 114 116 108 101 67 108 111 117 100
324284 Spineweed 83 112 105 110 101 119 101 101 100
324436 Spineweed 83 112 105 110 101 119 101 101 100
324588 Spineweed 83 112 105 110 101 119 101 101 100
324740 Spineweed 83 112 105 110 101 119 101 101 100
324892 Spineweed 83 112 105 110 101 119 101 101 100
325044 Spineweed 83 112 105 110 101 119 101 101 100
326837 Stinkweed_Lob 83 116 105 110 107 119 101 101 100 95 76 111 98
326987 Stinkweed_Lob 83 116 105 110 107 119 101 101 100 95 76 111 98
327195 Turtle 84 117 114 116 108 101
327332 Turtle 84 117 114 116 108 101
327469 Turtle 84 117 114 116 108 101
339552 Stinkweed_Bulb 83 116 105 110 107 119 101 101 100 95 66 117 108 98
339707 Stinkweed_Bulb 83 116 105 110 107 119 101 101 100 95 66 117 108 98
339862 Stinkweed_Bulb 83 116 105 110 107 119 101 101 100 95 66 117 108 98
340017 Stinkweed_Bulb 83 116 105 110 107 119 101 101 100 95 66 117 108 98
340172 Stinkweed_Bulb 83 116 105 110 107 119 101 101 100 95 66 117 108 98
340327 Stinkweed_Bulb 83 116 105 110 107 119 101 101 100 95 66 117 108 98
340482 Lasso 76 97 115 115 111
340628 TurtleNova 84 117 114 116 108 101 78 111 118 97
340779 Stinkweed_Bulb 83 116 105 110 107 119 101 101 100 95 66 117 108 98
342709 TurtleBarrage 84 117 114 116 108 101 66 97 114 114 97 103 101
344022 Frog 70 114 111 103
344157 Lasso 76 97 115 115 111
382473 FlyingSwarmer_Gargoyle 70 108 121 105 110 103 83 119 97 114 109 101 114 95 71 97 114 103 111 121 108 101
382626 FlyingSwarmer_Gargoyle 70 108 121 105 110 103 83 119 97 114 109 101 114 95 71 97 114 103 111 121 108 101
382779 FlyingSwarmer_Gargoyle 70 108 121 105 110 103 83 119 97 114 109 101 114 95 71 97 114 103 111 121 108 101
382932 FlyingSwarmer_Gargoyle 70 108 121 105 110 103 83 119 97 114 109 101 114 95 71 97 114 103 111 121 108 101
383267 Spineweed_Nova 83 112 105 110 101 119 101 101 100 95 78 111 118 97