19
1273 Mole 77 111 108 101
1408 Mole 77 111 108 101
1543 Spineweed_Fixed 83 112 105 110 101 119 101 101 100 95 70 105 120 101 100
1689 Spineweed_Fixed 83 112 105 110 101 119 101 101 100 95 70 105 120 101 100
1835 Mole 77 111 108 101
1970 Spineweed_Fixed 83 112 105 110 101 119 101 101 100 95 70 105 120 101 100
2116 Spineweed_Fixed 83 112 105 110 101 119 101 101 100 95 70 105 120 101 100
2262 Spineweed_Fixed 83 112 105 110 101 119 101 101 100 95 70 105 120 101 100
2408 Spineweed_Fixed 83 112 105 110 101 119 101 101 100 95 70 105 120 101 100
3008 Spineweed_Fixed 83 112 105 110 101 119 101 101 100 95 70 105 120 101 100
63644 HeavyMeleeMag 72 101 97 118 121 77 101 108 101 101 77 97 103
63792 HeavyMeleeMag 72 101 97 118 121 77 101 108 101 101 77 97 103
63940 HeavyMeleeMag 72 101 97 118 121 77 101 108 101 101 77 97 103
64088 HeavyMeleeMag 72 101 97 118 121 77 101 108 101 101 77 97 103
64326 HeavyMeleeMag 72 101 97 118 121 77 101 108 101 101 77 97 103
64384 HeavyMeleeMag 72 101 97 118 121 77 101 108 101 101 77 97 103
64554 Spineweed 83 112 105 110 101 119 101 101 100
64702 Spineweed 83 112 105 110 101 119 101 101 100
64850 Spineweed_Burst 83 112 105 110 101 119 101 101 100 95 66 117 114 115 116
65004 Spineweed_Nova 83 112 105 110 101 119 101 101 100 95 78 111 118 97
65157 Spineweed_Burst 83 112 105 110 101 119 101 101 100 95 66 117 114 115 116
65334 TurtleBurst 84 117 114 116 108 101 66 117 114 115 116
65486 TurtleCloud 84 117 114 116 108 101 67 108 111 117 100
65638 TurtleCloud 84 117 114 116 108 101 67 108 111 117 100
65790 TurtleBarrage 84 117 114 116 108 101 66 97 114 114 97 103 101
65944 TurtleBurst 84 117 114 116 108 101 66 117 114 115 116
66096 TurtleCloud 84 117 114 116 108 101 67 108 111 117 100
66248 TurtleNova 84 117 114 116 108 101 78 111 118 97
66399 TurtleCloud 84 117 114 116 108 101 67 108 111 117 100
70967 Frog 70 114 111 103
71572 Lasso 76 97 115 115 111
72024 Mole 77 111 108 101
72475 TurtleBarrage 84 117 114 116 108 101 66 97 114 114 97 103 101
72781 TurtleBarrage 84 117 114 116 108 101 66 97 114 114 97 103 101
72933 Lasso 76 97 115 115 111
73077 Spineweed_Burst 83 112 105 110 101 119 101 101 100 95 66 117 114 115 116
73231 Spineweed_Burst 83 112 105 110 101 119 101 101 100 95 66 117 114 115 116
74155 Frog 70 114 111 103
74606 Frog_Super 70 114 111 103 95 83 117 112 101 114
74755 Spineweed 83 112 105 110 101 119 101 101 100
74903 Spineweed_Burst 83 112 105 110 101 119 101 101 100 95 66 117 114 115 116
122105 Mole 77 111 108 101
122238 Mole 77 111 108 101
122393 Spineweed 83 112 105 110 101 119 101 101 100
122541 Spineweed 83 112 105 110 101 119 101 101 100