15
829 Stinkweed 83 116 105 110 107 119 101 101 100
41176 Frog 70 114 111 103
41616 Frog 70 114 111 103
42351 Frog 70 114 111 103
42486 Frog 70 114 111 103
44242 Frog 70 114 111 103
130523 Frog 70 114 111 103
165277 FlyingSwarmer_Gargoyle 70 108 121 105 110 103 83 119 97 114 109 101 114 95 71 97 114 103 111 121 108 101
244098 Turtle 84 117 114 116 108 101
244245 Turtle 84 117 114 116 108 101
244415 Turtle 84 117 114 116 108 101
262155 FlyingSwarmer_Pest_Aggressive 70 108 121 105 110 103 83 119 97 114 109 101 114 95 80 101 115 116 95 65 103 103 114 101 115 115 105 118 101
262317 FlyingSwarmer_Pest_Aggressive 70 108 121 105 110 103 83 119 97 114 109 101 114 95 80 101 115 116 95 65 103 103 114 101 115 115 105 118 101
262479 FlyingSwarmer_Pest_Aggressive 70 108 121 105 110 103 83 119 97 114 109 101 114 95 80 101 115 116 95 65 103 103 114 101 115 115 105 118 101
262641 FlyingSwarmer_Pest_Aggressive 70 108 121 105 110 103 83 119 97 114 109 101 114 95 80 101 115 116 95 65 103 103 114 101 115 115 105 118 101
262803 FlyingSwarmer_Pest_Aggressive 70 108 121 105 110 103 83 119 97 114 109 101 114 95 80 101 115 116 95 65 103 103 114 101 115 115 105 118 101
262965 FlyingSwarmer_Pest_Aggressive 70 108 121 105 110 103 83 119 97 114 109 101 114 95 80 101 115 116 95 65 103 103 114 101 115 115 105 118 101
263343 Frog 70 114 111 103
263495 FlyingSwarmer_Harasser 70 108 121 105 110 103 83 119 97 114 109 101 114 95 72 97 114 97 115 115 101 114
263650 FlyingSwarmer_Harasser 70 108 121 105 110 103 83 119 97 114 109 101 114 95 72 97 114 97 115 115 101 114
264813 Spineweed_Nova 83 112 105 110 101 119 101 101 100 95 78 111 118 97
264968 Spineweed_Nova 83 112 105 110 101 119 101 101 100 95 78 111 118 97
265142 FlyingSwarmer 70 108 121 105 110 103 83 119 97 114 109 101 114
278357 Frog 70 114 111 103
278513 TurtleBurst 84 117 114 116 108 101 66 117 114 115 116
278684 FlyingSwarmer_Pest 70 108 121 105 110 103 83 119 97 114 109 101 114 95 80 101 115 116
278835 FlyingSwarmer_Pest 70 108 121 105 110 103 83 119 97 114 109 101 114 95 80 101 115 116
278986 FlyingSwarmer_Pest 70 108 121 105 110 103 83 119 97 114 109 101 114 95 80 101 115 116
279137 FlyingSwarmer_Pest 70 108 121 105 110 103 83 119 97 114 109 101 114 95 80 101 115 116
279288 FlyingSwarmer_Pest 70 108 121 105 110 103 83 119 97 114 109 101 114 95 80 101 115 116
279439 FlyingSwarmer_Pest 70 108 121 105 110 103 83 119 97 114 109 101 114 95 80 101 115 116
279590 FlyingSwarmer_Pest 70 108 121 105 110 103 83 119 97 114 109 101 114 95 80 101 115 116
279741 FlyingSwarmer_Pest 70 108 121 105 110 103 83 119 97 114 109 101 114 95 80 101 115 116
279892 FlyingSwarmer_Pest 70 108 121 105 110 103 83 119 97 114 109 101 114 95 80 101 115 116
280066 Spineweed_Nova 83 112 105 110 101 119 101 101 100 95 78 111 118 97
280221 Spineweed_Nova 83 112 105 110 101 119 101 101 100 95 78 111 118 97
280376 Spineweed_Nova 83 112 105 110 101 119 101 101 100 95 78 111 118 97
288675 Turtle 84 117 114 116 108 101
288870 FlyingSwarmer_Harasser 70 108 121 105 110 103 83 119 97 114 109 101 114 95 72 97 114 97 115 115 101 114
289035 FlyingSwarmer_Harasser 70 108 121 105 110 103 83 119 97 114 109 101 114 95 72 97 114 97 115 115 101 114
323379 FlyingSwarmer_Pest 70 108 121 105 110 103 83 119 97 114 109 101 114 95 80 101 115 116
323540 FlyingSwarmer_Pest 70 108 121 105 110 103 83 119 97 114 109 101 114 95 80 101 115 116
323724 Turtle 84 117 114 116 108 101
323871 Turtle 84 117 114 116 108 101
326081 TurtleBurst 84 117 114 116 108 101 66 117 114 115 116
326231 Spineweed_Nova 83 112 105 110 101 119 101 101 100 95 78 111 118 97
326384 Spineweed_Nova 83 112 105 110 101 119 101 101 100 95 78 111 118 97
326537 Turtle 84 117 114 116 108 101
326682 FlyingSwarmer_Harasser 70 108 121 105 110 103 83 119 97 114 109 101 114 95 72 97 114 97 115 115 101 114
326843 FlyingSwarmer 70 108 121 105 110 103 83 119 97 114 109 101 114
326995 Turtle 84 117 114 116 108 101
327140 Frog 70 114 111 103
327283 TurtleBurst 84 117 114 116 108 101 66 117 114 115 116
327433 Turtle 84 117 114 116 108 101
327578 FlyingSwarmer_Gargoyle 70 108 121 105 110 103 83 119 97 114 109 101 114 95 71 97 114 103 111 121 108 101
327739 Spineweed 83 112 105 110 101 119 101 101 100
327887 Frog 70 114 111 103
328030 FlyingSwarmer_Gargoyle 70 108 121 105 110 103 83 119 97 114 109 101 114 95 71 97 114 103 111 121 108 101
328191 Spineweed 83 112 105 110 101 119 101 101 100
328339 Turtle 84 117 114 116 108 101
328484 TurtleBurst 84 117 114 116 108 101 66 117 114 115 116
328634 Stinkweed 83 116 105 110 107 119 101 101 100
328782 Turtle 84 117 114 116 108 101
328927 Spineweed 83 112 105 110 101 119 101 101 100
329075 Stinkweed 83 116 105 110 107 119 101 101 100
329223 Turtle 84 117 114 116 108 101
329368 TurtleBurst 84 117 114 116 108 101 66 117 114 115 116
329518 FlyingSwarmer_Gargoyle 70 108 121 105 110 103 83 119 97 114 109 101 114 95 71 97 114 103 111 121 108 101
329679 Stinkweed 83 116 105 110 107 119 101 101 100
340491 Mudgator 77 117 100 103 97 116 111 114v