10
20295 TurretHoming 84 117 114 114 101 116 72 111 109 105 110 103
40119 HeavyMeleeLarge 72 101 97 118 121 77 101 108 101 101 76 97 114 103 101
78164 TurretBurst 84 117 114 114 101 116 66 117 114 115 116
78308 TurretBurst 84 117 114 114 101 116 66 117 114 115 116
78471 HeavyMeleeLunge 72 101 97 118 121 77 101 108 101 101 76 117 110 103 101
78638 HeavyMelee 72 101 97 118 121 77 101 108 101 101
78802 HeavyMeleeSlam 72 101 97 118 121 77 101 108 101 101 83 108 97 109
78973 HeavyMeleeSlam 72 101 97 118 121 77 101 108 101 101 83 108 97 109
90409 TurretHoming 84 117 114 114 101 116 72 111 109 105 110 103
90554 TurretHoming 84 117 114 114 101 116 72 111 109 105 110 103
90720 HeavyMelee 72 101 97 118 121 77 101 108 101 101
90867 HeavyMelee 72 101 97 118 121 77 101 108 101 101
91052 LightMelee 76 105 103 104 116 77 101 108 101 101
91195 LightMelee 76 105 103 104 116 77 101 108 101 101
91338 LightMelee 76 105 103 104 116 77 101 108 101 101
97152 TurretHoming 84 117 114 114 101 116 72 111 109 105 110 103
97297 TurretHoming 84 117 114 114 101 116 72 111 109 105 110 103
97442 TurretHoming 84 117 114 114 101 116 72 111 109 105 110 103
97606 HeavyMeleeEasy 72 101 97 118 121 77 101 108 101 101 69 97 115 121
97753 HeavyMeleeEasy 72 101 97 118 121 77 101 108 101 101 69 97 115 121
97943 HeavyMeleeEasy 72 101 97 118 121 77 101 108 101 101 69 97 115 121
98094 HeavyMeleeEasy 72 101 97 118 121 77 101 108 101 101 69 97 115 121
98245 HeavyMeleeEasy 72 101 97 118 121 77 101 108 101 101 69 97 115 121
98396 HeavyMeleeEasy 72 101 97 118 121 77 101 108 101 101 69 97 115 121
98637 TurretFlame_Buff 84 117 114 114 101 116 70 108 97 109 101 95 66 117 102 102
98800 TurretFlame_Buff 84 117 114 114 101 116 70 108 97 109 101 95 66 117 102 102
98984 HeavyMeleeEasy 72 101 97 118 121 77 101 108 101 101 69 97 115 121
99135 HeavyMeleeEasy 72 101 97 118 121 77 101 108 101 101 69 97 115 121
99286 HeavyMeleeEasy 72 101 97 118 121 77 101 108 101 101 69 97 115 121
99458 HeavyMeleeLunge 72 101 97 118 121 77 101 108 101 101 76 117 110 103 101
99610 HeavyMeleeLunge 72 101 97 118 121 77 101 108 101 101 76 117 110 103 101
99762 HeavyMeleeLunge 72 101 97 118 121 77 101 108 101 101 76 117 110 103 101
99914 HeavyMeleeLunge 72 101 97 118 121 77 101 108 101 101 76 117 110 103 101
100066 HeavyMeleeLunge 72 101 97 118 121 77 101 108 101 101 76 117 110 103 101
100218 HeavyMeleeLunge 72 101 97 118 121 77 101 108 101 101 76 117 110 103 101
100370 HeavyMeleeLunge 72 101 97 118 121 77 101 108 101 101 76 117 110 103 101
100522 HeavyMeleeLunge 72 101 97 118 121 77 101 108 101 101 76 117 110 103 101
100674 HeavyMeleeLunge 72 101 97 118 121 77 101 108 101 101 76 117 110 103 101
100826 HeavyMeleeLunge 72 101 97 118 121 77 101 108 101 101 76 117 110 103 101
100978 HeavyMeleeLunge 72 101 97 118 121 77 101 108 101 101 76 117 110 103 101
101130 HeavyMeleeLunge 72 101 97 118 121 77 101 108 101 101 76 117 110 103 101
101282 HeavyMeleeLunge 72 101 97 118 121 77 101 108 101 101 76 117 110 103 101
101434 HeavyMeleeLunge 72 101 97 118 121 77 101 108 101 101 76 117 110 103 101
101586 HeavyMeleeLunge 72 101 97 118 121 77 101 108 101 101 76 117 110 103 101  
101738 HeavyMeleeLunge 72 101 97 118 121 77 101 108 101 101 76 117 110 103 101
101890 HeavyMeleeLunge 72 101 97 118 121 77 101 108 101 101 76 117 110 103 101
102042 HeavyMelee_Box 72 101 97 118 121 77 101 108 101 101 95 66 111 120
102193 HeavyMeleeEasy_Box 72 101 97 118 121 77 101 108 101 101 69 97 115 121 95 66 111 120
102374 Turret 84 117 114 114 101 116
102527 Turret 84 117 114 114 101 116
102680 Turret 84 117 114 114 101 116
102833 Turret 84 117 114 114 101 116
102986 Turret 84 117 114 114 101 116
103139 Turret 84 117 114 114 101 116
103292 Turret 84 117 114 114 101 116
103445 Turret 84 117 114 114 101 116
103598 Turret 84 117 114 114 101 116 
103751 Turret 84 117 114 114 101 116
103904 Turret 84 117 114 114 101 116
104057 Turret 84 117 114 114 101 116
104210 Turret 84 117 114 114 101 116
104363 Turret 84 117 114 114 101 116
104516 Turret 84 117 114 114 101 116
104669 Turret 84 117 114 114 101 116
104822 Turret 84 117 114 114 101 116
104975 Turret 84 117 114 114 101 116
105128 Turret 84 117 114 114 101 116
105281 Turret 84 117 114 114 101 116
105434 Turret 84 117 114 114 101 116
105587 Turret 84 117 114 114 101 116
105740 Turret 84 117 114 114 101 116
105893 Turret 84 117 114 114 101 116
106046 Turret 84 117 114 114 101 116
106199 Turret 84 117 114 114 101 116
106352 Turret 84 117 114 114 101 116
106505 Turret 84 117 114 114 101 116
106658 Turret 84 117 114 114 101 116
106811 Turret 84 117 114 114 101 116
106964 Turret 84 117 114 114 101 116
107117 Turret 84 117 114 114 101 116
107270 Turret 84 117 114 114 101 116
114488 HeavyMeleeEasy 72 101 97 118 121 77 101 108 101 101 69 97 115 121
114639 HeavyMeleeEasy 72 101 97 118 121 77 101 108 101 101 69 97 115 121
114809 FlyingSwarmer_Pest_Aggressive 70 108 121 105 110 103 83 119 97 114 109 101 114 95 80 101 115 116 95 65 103 103 114 101 115 115 105 118 101
114971 FlyingSwarmer_Pest_Aggressive 70 108 121 105 110 103 83 119 97 114 109 101 114 95 80 101 115 116 95 65 103 103 114 101 115 115 105 118 101
115133 FlyingSwarmer_Pest_Aggressive 70 108 121 105 110 103 83 119 97 114 109 101 114 95 80 101 115 116 95 65 103 103 114 101 115 115 105 118 101
115295 FlyingSwarmer_Pest_Aggressive 70 108 121 105 110 103 83 119 97 114 109 101 114 95 80 101 115 116 95 65 103 103 114 101 115 115 105 118 101
115457 FlyingSwarmer_Pest_Aggressive 70 108 121 105 110 103 83 119 97 114 109 101 114 95 80 101 115 116 95 65 103 103 114 101 115 115 105 118 101
115619 FlyingSwarmer_Pest_Aggressive 70 108 121 105 110 103 83 119 97 114 109 101 114 95 80 101 115 116 95 65 103 103 114 101 115 115 105 118 101
115781 FlyingSwarmer_Pest_Aggressive 70 108 121 105 110 103 83 119 97 114 109 101 114 95 80 101 115 116 95 65 103 103 114 101 115 115 105 118 101
115943 FlyingSwarmer_Pest_Aggressive 70 108 121 105 110 103 83 119 97 114 109 101 114 95 80 101 115 116 95 65 103 103 114 101 115 115 105 118 101
116105 FlyingSwarmer_Pest_Aggressive 70 108 121 105 110 103 83 119 97 114 109 101 114 95 80 101 115 116 95 65 103 103 114 101 115 115 105 118 101
116267 FlyingSwarmer_Pest_Aggressive 70 108 121 105 110 103 83 119 97 114 109 101 114 95 80 101 115 116 95 65 103 103 114 101 115 115 105 118 101
116448 FlyingSwarmer_Pest_Aggressive 70 108 121 105 110 103 83 119 97 114 109 101 114 95 80 101 115 116 95 65 103 103 114 101 115 115 105 118 101
116610 FlyingSwarmer_Pest_Aggressive 70 108 121 105 110 103 83 119 97 114 109 101 114 95 80 101 115 116 95 65 103 103 114 101 115 115 105 118 101
116791 FlyingSwarmer_Pest_Aggressive 70 108 121 105 110 103 83 119 97 114 109 101 114 95 80 101 115 116 95 65 103 103 114 101 115 115 105 118 101
116953 FlyingSwarmer_Pest_Aggressive 70 108 121 105 110 103 83 119 97 114 109 101 114 95 80 101 115 116 95 65 103 103 114 101 115 115 105 118 101
117115 FlyingSwarmer_Pest_Aggressive 70 108 121 105 110 103 83 119 97 114 109 101 114 95 80 101 115 116 95 65 103 103 114 101 115 115 105 118 101
117277 FlyingSwarmer_Pest_Aggressive 70 108 121 105 110 103 83 119 97 114 109 101 114 95 80 101 115 116 95 65 103 103 114 101 115 115 105 118 101
117439 FlyingSwarmer_Pest_Aggressive 70 108 121 105 110 103 83 119 97 114 109 101 114 95 80 101 115 116 95 65 103 103 114 101 115 115 105 118 101
117620 FlyingSwarmer_Pest_Aggressive 70 108 121 105 110 103 83 119 97 114 109 101 114 95 80 101 115 116 95 65 103 103 114 101 115 115 105 118 101
117782 FlyingSwarmer_Pest_Aggressive 70 108 121 105 110 103 83 119 97 114 109 101 114 95 80 101 115 116 95 65 103 103 114 101 115 115 105 118 101
117963 FlyingSwarmer_Pest_Aggressive 70 108 121 105 110 103 83 119 97 114 109 101 114 95 80 101 115 116 95 65 103 103 114 101 115 115 105 118 101
118125 FlyingSwarmer_Pest_Aggressive 70 108 121 105 110 103 83 119 97 114 109 101 114 95 80 101 115 116 95 65 103 103 114 101 115 115 105 118 101
118287 FlyingSwarmer_Pest_Aggressive 70 108 121 105 110 103 83 119 97 114 109 101 114 95 80 101 115 116 95 65 103 103 114 101 115 115 105 118 101
118468 FlyingSwarmer_Pest_Aggressive 70 108 121 105 110 103 83 119 97 114 109 101 114 95 80 101 115 116 95 65 103 103 114 101 115 115 105 118 101
118630 FlyingSwarmer_Pest_Aggressive 70 108 121 105 110 103 83 119 97 114 109 101 114 95 80 101 115 116 95 65 103 103 114 101 115 115 105 118 101
118792 FlyingSwarmer_Pest_Aggressive 70 108 121 105 110 103 83 119 97 114 109 101 114 95 80 101 115 116 95 65 103 103 114 101 115 115 105 118 101
118973 FlyingSwarmer_Pest_Aggressive 70 108 121 105 110 103 83 119 97 114 109 101 114 95 80 101 115 116 95 65 103 103 114 101 115 115 105 118 101
119135 FlyingSwarmer_Pest_Aggressive 70 108 121 105 110 103 83 119 97 114 109 101 114 95 80 101 115 116 95 65 103 103 114 101 115 115 105 118 101
119297 FlyingSwarmer_Pest_Aggressive 70 108 121 105 110 103 83 119 97 114 109 101 114 95 80 101 115 116 95 65 103 103 114 101 115 115 105 118 101
119478 FlyingSwarmer_Pest_Aggressive 70 108 121 105 110 103 83 119 97 114 109 101 114 95 80 101 115 116 95 65 103 103 114 101 115 115 105 118 101
119640 FlyingSwarmer_Pest_Aggressive 70 108 121 105 110 103 83 119 97 114 109 101 114 95 80 101 115 116 95 65 103 103 114 101 115 115 105 118 101
119802 FlyingSwarmer_Pest_Aggressive 70 108 121 105 110 103 83 119 97 114 109 101 114 95 80 101 115 116 95 65 103 103 114 101 115 115 105 118 101
119964 FlyingSwarmer_Pest_Aggressive 70 108 121 105 110 103 83 119 97 114 109 101 114 95 80 101 115 116 95 65 103 103 114 101 115 115 105 118 101
120126 FlyingSwarmer_Pest_Aggressive 70 108 121 105 110 103 83 119 97 114 109 101 114 95 80 101 115 116 95 65 103 103 114 101 115 115 105 118 101
120307 FlyingSwarmer 70 108 121 105 110 103 83 119 97 114 109 101 114
120453 FlyingSwarmer 70 108 121 105 110 103 83 119 97 114 109 101 114
120599 FlyingSwarmer 70 108 121 105 110 103 83 119 97 114 109 101 114
120745 FlyingSwarmer 70 108 121 105 110 103 83 119 97 114 109 101 114
120891 FlyingSwarmer 70 108 121 105 110 103 83 119 97 114 109 101 114
121056 FlyingSwarmer_Pest_Aggressive 70 108 121 105 110 103 83 119 97 114 109 101 114 95 80 101 115 116 95 65 103 103 114 101 115 115 105 118 101
121218 FlyingSwarmer_Pest_Aggressive 70 108 121 105 110 103 83 119 97 114 109 101 114 95 80 101 115 116 95 65 103 103 114 101 115 115 105 118 101
121380 FlyingSwarmer_Pest 70 108 121 105 110 103 83 119 97 114 109 101 114 95 80 101 115 116
121531 FlyingSwarmer_Pest 70 108 121 105 110 103 83 119 97 114 109 101 114 95 80 101 115 116
121682 FlyingSwarmer_Pest_Aggressive 70 108 121 105 110 103 83 119 97 114 109 101 114 95 80 101 115 116 95 65 103 103 114 101 115 115 105 118 101
121844 FlyingSwarmer_Pest 70 108 121 105 110 103 83 119 97 114 109 101 114 95 80 101 115 116
121995 FlyingSwarmer_Pest_Aggressive 70 108 121 105 110 103 83 119 97 114 109 101 114 95 80 101 115 116 95 65 103 103 114 101 115 115 105 118 101
122157 FlyingSwarmer_Pest_Aggressive 70 108 121 105 110 103 83 119 97 114 109 101 114 95 80 101 115 116 95 65 103 103 114 101 115 115 105 118 101
122319 FlyingSwarmer_Pest_Aggressive 70 108 121 105 110 103 83 119 97 114 109 101 114 95 80 101 115 116 95 65 103 103 114 101 115 115 105 118 101
122481 FlyingSwarmer_Pest_Aggressive 70 108 121 105 110 103 83 119 97 114 109 101 114 95 80 101 115 116 95 65 103 103 114 101 115 115 105 118 101
122643 FlyingSwarmer_Pest_Aggressive 70 108 121 105 110 103 83 119 97 114 109 101 114 95 80 101 115 116 95 65 103 103 114 101 115 115 105 118 101
122805 FlyingSwarmer_Pest 70 108 121 105 110 103 83 119 97 114 109 101 114 95 80 101 115 116
122956 FlyingSwarmer_Pest 70 108 121 105 110 103 83 119 97 114 109 101 114 95 80 101 115 116
123107 FlyingSwarmer_Pest 70 108 121 105 110 103 83 119 97 114 109 101 114 95 80 101 115 116
123258 FlyingSwarmer_Pest 70 108 121 105 110 103 83 119 97 114 109 101 114 95 80 101 115 116 
123409 FlyingSwarmer_Pest 70 108 121 105 110 103 83 119 97 114 109 101 114 95 80 101 115 116
123560 FlyingSwarmer_Pest 70 108 121 105 110 103 83 119 97 114 109 101 114 95 80 101 115 116
123711 FlyingSwarmer_Pest 70 108 121 105 110 103 83 119 97 114 109 101 114 95 80 101 115 116
123862 FlyingSwarmer_Pest_Aggressive 70 108 121 105 110 103 83 119 97 114 109 101 114 95 80 101 115 116 95 65 103 103 114 101 115 115 105 118 101
124024 FlyingSwarmer_Pest_Aggressive 70 108 121 105 110 103 83 119 97 114 109 101 114 95 80 101 115 116 95 65 103 103 114 101 115 115 105 118 101
124186 FlyingSwarmer_Pest_Aggressive 70 108 121 105 110 103 83 119 97 114 109 101 114 95 80 101 115 116 95 65 103 103 114 101 115 115 105 118 101
124348 FlyingSwarmer_Pest_Aggressive 70 108 121 105 110 103 83 119 97 114 109 101 114 95 80 101 115 116 95 65 103 103 114 101 115 115 105 118 101
124510 FlyingSwarmer_Pest_Aggressive 70 108 121 105 110 103 83 119 97 114 109 101 114 95 80 101 115 116 95 65 103 103 114 101 115 115 105 118 101
124672 FlyingSwarmer_Pest_Aggressive 70 108 121 105 110 103 83 119 97 114 109 101 114 95 80 101 115 116 95 65 103 103 114 101 115 115 105 118 101
124834 FlyingSwarmer_Pest_Aggressive 70 108 121 105 110 103 83 119 97 114 109 101 114 95 80 101 115 116 95 65 103 103 114 101 115 115 105 118 101
124996 FlyingSwarmer_Pest_Aggressive 70 108 121 105 110 103 83 119 97 114 109 101 114 95 80 101 115 116 95 65 103 103 114 101 115 115 105 118 101
125158 FlyingSwarmer_Pest 70 108 121 105 110 103 83 119 97 114 109 101 114 95 80 101 115 116
125309 FlyingSwarmer_Pest 70 108 121 105 110 103 83 119 97 114 109 101 114 95 80 101 115 116
125460 FlyingSwarmer_Pest 70 108 121 105 110 103 83 119 97 114 109 101 114 95 80 101 115 116
125611 FlyingSwarmer_Pest 70 108 121 105 110 103 83 119 97 114 109 101 114 95 80 101 115 116
125762 FlyingSwarmer_Pest 70 108 121 105 110 103 83 119 97 114 109 101 114 95 80 101 115 116
138355 FlyingSwarmer_Pest_Aggressive 70 108 121 105 110 103 83 119 97 114 109 101 114 95 80 101 115 116 95 65 103 103 114 101 115 115 105 118 101
138517 FlyingSwarmer_Pest_Aggressive 70 108 121 105 110 103 83 119 97 114 109 101 114 95 80 101 115 116 95 65 103 103 114 101 115 115 105 118 101
138679 FlyingSwarmer_Pest_Aggressive 70 108 121 105 110 103 83 119 97 114 109 101 114 95 80 101 115 116 95 65 103 103 114 101 115 115 105 118 101
138860 FlyingSwarmer_Pest_Aggressive 70 108 121 105 110 103 83 119 97 114 109 101 114 95 80 101 115 116 95 65 103 103 114 101 115 115 105 118 101
139022 FlyingSwarmer_Pest_Aggressive 70 108 121 105 110 103 83 119 97 114 109 101 114 95 80 101 115 116 95 65 103 103 114 101 115 115 105 118 101
159941 HeavyMeleeEasy 72 101 97 118 121 77 101 108 101 101 69 97 115 121
160094 HeavyMelee 72 101 97 118 121 77 101 108 101 101
160243 HeavyMeleeEasy 72 101 97 118 121 77 101 108 101 101 69 97 115 121
160396 TurretFlame 84 117 114 114 101 116 70 108 97 109 101
160546 TurretFlame 84 117 114 114 101 116 70 108 97 109 101
160696 FlyingSwarmer_Pest_Aggressive 70 108 121 105 110 103 83 119 97 114 109 101 114 95 80 101 115 116 95 65 103 103 114 101 115 115 105 118 101
160864 FlyingSwarmer_Pest_Aggressive 70 108 121 105 110 103 83 119 97 114 109 101 114 95 80 101 115 116 95 65 103 103 114 101 115 115 105 118 101
161032 HeavyMeleeEasy 72 101 97 118 121 77 101 108 101 101 69 97 115 121
161185 HeavyMeleeEasy 72 101 97 118 121 77 101 108 101 101 69 97 115 121