16
1757 Spineweed_Burst 83 112 105 110 101 119 101 101 100 95 66 117 114 115 116
154281 Firefly 70 105 114 101 102 108 121
155754 FlyingSwarmer_Gargoyle 70 108 121 105 110 103 83 119 97 114 109 101 114 95 71 97 114 103 111 121 108 101
155919 Stinkweed 83 116 105 110 107 119 101 101 100
156071 Turtle 84 117 114 116 108 101
156284 Stinkweed_Bulb 83 116 105 110 107 119 101 101 100 95 66 117 108 98
156445 Stinkweed_Bulb 83 116 105 110 107 119 101 101 100 95 66 117 108 98
156606 Stinkweed_Bulb 83 116 105 110 107 119 101 101 100 95 66 117 108 98
156767 Stinkweed_Bulb 83 116 105 110 107 119 101 101 100 95 66 117 108 98
156928 Stinkweed_Bulb 83 116 105 110 107 119 101 101 100 95 66 117 108 98
157089 Stinkweed_Bulb 83 116 105 110 107 119 101 101 100 95 66 117 108 98
157250 Stinkweed_Bulb 83 116 105 110 107 119 101 101 100 95 66 117 108 98
157411 Stinkweed_Bulb 83 116 105 110 107 119 101 101 100 95 66 117 108 98
157572 Stinkweed_Bulb 83 116 105 110 107 119 101 101 100 95 66 117 108 98
157733 Stinkweed_Bulb 83 116 105 110 107 119 101 101 100 95 66 117 108 98
157894 Stinkweed_Bulb 83 116 105 110 107 119 101 101 100 95 66 117 108 98
158055 Stinkweed_Bulb 83 116 105 110 107 119 101 101 100 95 66 117 108 98
158216 Stinkweed_Bulb 83 116 105 110 107 119 101 101 100 95 66 117 108 98
158377 Stinkweed_Bulb 83 116 105 110 107 119 101 101 100 95 66 117 108 98
158538 Stinkweed_Bulb 83 116 105 110 107 119 101 101 100 95 66 117 108 98
158699 Stinkweed_Bulb 83 116 105 110 107 119 101 101 100 95 66 117 108 98
158860 Stinkweed_Bulb 83 116 105 110 107 119 101 101 100 95 66 117 108 98
159021 Stinkweed_Bulb 83 116 105 110 107 119 101 101 100 95 66 117 108 98
159182 Stinkweed_Bulb 83 116 105 110 107 119 101 101 100 95 66 117 108 98
159343 Stinkweed_Bulb 83 116 105 110 107 119 101 101 100 95 66 117 108 98
159504 Stinkweed_Bulb 83 116 105 110 107 119 101 101 100 95 66 117 108 98
160993 TurtleBarrage 84 117 114 116 108 101 66 97 114 114 97 103 101
161147 TurtleBarrage 84 117 114 116 108 101 66 97 114 114 97 103 101
188352 Stinkweed 83 116 105 110 107 119 101 101 100
188500 TurtleBurst 84 117 114 116 108 101 66 117 114 115 116
188650 FlyingSwarmer_Gargoyle 70 108 121 105 110 103 83 119 97 114 109 101 114 95 71 97 114 103 111 121 108 101
188811 FlyingSwarmer_Pest 70 108 121 105 110 103 83 119 97 114 109 101 114 95 80 101 115 116
188968 FlyingSwarmer_Pest 70 108 121 105 110 103 83 119 97 114 109 101 114 95 80 101 115 116
189125 FlyingSwarmer_Pest 70 108 121 105 110 103 83 119 97 114 109 101 114 95 80 101 115 116
189282 Turtle 84 117 114 116 108 101
189427 FlyingSwarmer_Pest 70 108 121 105 110 103 83 119 97 114 109 101 114 95 80 101 115 116
189584 FlyingSwarmer_Harasser 70 108 121 105 110 103 83 119 97 114 109 101 114 95 72 97 114 97 115 115 101 114
189745 FlyingSwarmer_Harasser 70 108 121 105 110 103 83 119 97 114 109 101 114 95 72 97 114 97 115 115 101 114
189906 TurtleBarrage 84 117 114 116 108 101 66 97 114 114 97 103 101
190058 Spineweed_Nova 83 112 105 110 101 119 101 101 100 95 78 111 118 97
190211 FlyingSwarmer_Harasser 70 108 121 105 110 103 83 119 97 114 109 101 114 95 72 97 114 97 115 115 101 114
190372 FlyingSwarmer_Pest 70 108 121 105 110 103 83 119 97 114 109 101 114 95 80 101 115 116
190529 FlyingSwarmer_Pest 70 108 121 105 110 103 83 119 97 114 109 101 114 95 80 101 115 116
190686 FlyingSwarmer_Pest 70 108 121 105 110 103 83 119 97 114 109 101 114 95 80 101 115 116
190843 FlyingSwarmer_Pest 70 108 121 105 110 103 83 119 97 114 109 101 114 95 80 101 115 116
191000 FlyingSwarmer_Pest 70 108 121 105 110 103 83 119 97 114 109 101 114 95 80 101 115 116
191157 FlyingSwarmer_Pest 70 108 121 105 110 103 83 119 97 114 109 101 114 95 80 101 115 116
191314 FlyingSwarmer_Pest 70 108 121 105 110 103 83 119 97 114 109 101 114 95 80 101 115 116
191471 FlyingSwarmer_Pest_Aggressive 70 108 121 105 110 103 83 119 97 114 109 101 114 95 80 101 115 116 95 65 103 103 114 101 115 115 105 118 101
191639 FlyingSwarmer_Pest 70 108 121 105 110 103 83 119 97 114 109 101 114 95 80 101 115 116
191796 FlyingSwarmer_Pest 70 108 121 105 110 103 83 119 97 114 109 101 114 95 80 101 115 116
191953 FlyingSwarmer_Pest 70 108 121 105 110 103 83 119 97 114 109 101 114 95 80 101 115 116
192110 FlyingSwarmer_Pest_Aggressive 70 108 121 105 110 103 83 119 97 114 109 101 114 95 80 101 115 116 95 65 103 103 114 101 115 115 105 118 101
192278 FlyingSwarmer_Pest 70 108 121 105 110 103 83 119 97 114 109 101 114 95 80 101 115 116
192435 FlyingSwarmer_Pest_Aggressive 70 108 121 105 110 103 83 119 97 114 109 101 114 95 80 101 115 116 95 65 103 103 114 101 115 115 105 118 101
192603 FlyingSwarmer_Pest 70 108 121 105 110 103 83 119 97 114 109 101 114 95 80 101 115 116
192760 FlyingSwarmer_Pest 70 108 121 105 110 103 83 119 97 114 109 101 114 95 80 101 115 116
192917 FlyingSwarmer_Pest 70 108 121 105 110 103 83 119 97 114 109 101 114 95 80 101 115 116
193074 FlyingSwarmer_Pest 70 108 121 105 110 103 83 119 97 114 109 101 114 95 80 101 115 116
193231 TurtleBurst 84 117 114 116 108 101 66 117 114 115 116
193381 FlyingSwarmer_Pest_Aggressive 70 108 121 105 110 103 83 119 97 114 109 101 114 95 80 101 115 116 95 65 103 103 114 101 115 115 105 118 101
193549 TurtleCloud 84 117 114 116 108 101 67 108 111 117 100
193699 FlyingSwarmer_Pest 70 108 121 105 110 103 83 119 97 114 109 101 114 95 80 101 115 116
193856 FlyingSwarmer_Pest 70 108 121 105 110 103 83 119 97 114 109 101 114 95 80 101 115 116
194013 Lasso 76 97 115 115 111
194157 Frog 70 114 111 103
194300 Lasso 76 97 115 115 111
194444 TurtleNova 84 117 114 116 108 101 78 111 118 97
194593 TurtleBarrage 84 117 114 116 108 101 66 97 114 114 97 103 101
194745 TurtleBarrage 84 117 114 116 108 101 66 97 114 114 97 103 101
194897 TurtleCloud 84 117 114 116 108 101 67 108 111 117 100
195047 Frog 70 114 111 103
195190 Spineweed 83 112 105 110 101 119 101 101 100
195338 Frog 70 114 111 103
195481 Spineweed_Nova 83 112 105 110 101 119 101 101 100 95 78 111 118 97
195634 FlyingSwarmer_Harasser 70 108 121 105 110 103 83 119 97 114 109 101 114 95 72 97 114 97 115 115 101 114
195795 FlyingSwarmer_Harasser 70 108 121 105 110 103 83 119 97 114 109 101 114 95 72 97 114 97 115 115 101 114
195956 FlyingSwarmer_Harasser 70 108 121 105 110 103 83 119 97 114 109 101 114 95 72 97 114 97 115 115 101 114
196117 Firefly 70 105 114 101 102 108 121
196263 FlyingSwarmer_Pest_Aggressive 70 108 121 105 110 103 83 119 97 114 109 101 114 95 80 101 115 116 95 65 103 103 114 101 115 115 105 118 101
196431 FlyingSwarmer_Harasser 70 108 121 105 110 103 83 119 97 114 109 101 114 95 72 97 114 97 115 115 101 114
196592 TurtleCloud 84 117 114 116 108 101 67 108 111 117 100
196742 TurtleNova 84 117 114 116 108 101 78 111 118 97
196891 TurtleBarrage 84 117 114 116 108 101 66 97 114 114 97 103 101
197043 FlyingSwarmer_Harasser 70 108 121 105 110 103 83 119 97 114 109 101 114 95 72 97 114 97 115 115 101 114
197204 TurtleBurst 84 117 114 116 108 101 66 117 114 115 116
197354 Spineweed_Burst 83 112 105 110 101 119 101 101 100 95 66 117 114 115 116
218982 Firefly 70 105 114 101 102 108 121
219126 Firefly 70 105 114 101 102 108 121
219270 Firefly 70 105 114 101 102 108 121
219414 Turtle 84 117 114 116 108 101
223944 Lasso 76 97 115 115 111
224100 Turtle 84 117 114 116 108 101
224257 TurtleNova 84 117 114 116 108 101 78 111 118 97
224418 Spineweed_Nova 83 112 105 110 101 119 101 101 100 95 78 111 118 97
224583 Turtle 84 117 114 116 108 101
224740 Spineweed_Nova 83 112 105 110 101 119 101 101 100 95 78 111 118 97
224905 TurtleNova 84 117 114 116 108 101 78 111 118 97