2
5838 HeavyMeleeLarge 72 101 97 118 121 77 101 108 101 101 76 97 114 103 101
36755 LightMeleeSpawner 76 105 103 104 116 77 101 108 101 101 83 112 97 119 110 101 114
36907 HeavyMelee 72 101 97 118 121 77 101 108 101 101
37052 HeavyMeleeEasy 72 101 97 118 121 77 101 108 101 101 69 97 115 121
37201 HeavyMeleeEasy 72 101 97 118 121 77 101 108 101 101 69 97 115 121
37350 HeavyMeleeEasy 72 101 97 118 121 77 101 108 101 101 69 97 115 121
37499 HeavyMelee 72 101 97 118 121 77 101 108 101 101
37644 HeavyMelee 72 101 97 118 121 77 101 108 101 101
39736 Turret 84 117 114 114 101 116
39877 Turret 84 117 114 114 101 116
40168 Turret 84 117 114 114 101 116
40309 LightMeleeSpawner 76 105 103 104 116 77 101 108 101 101 83 112 97 119 110 101 114
40779 LightMeleeMulti_Box 76 105 103 104 116 77 101 108 101 101 77 117 108 116 105 95 66 111 120
40933 LightMeleeMulti_Box 76 105 103 104 116 77 101 108 101 101 77 117 108 116 105 95 66 111 120
41087 LightMeleeMulti_Box 76 105 103 104 116 77 101 108 101 101 77 117 108 116 105 95 66 111 120
41241 LightMeleeMulti_Box 76 105 103 104 116 77 101 108 101 101 77 117 108 116 105 95 66 111 120
41395 LightMeleeMulti_Box 76 105 103 104 116 77 101 108 101 101 77 117 108 116 105 95 66 111 120
51317 LightMeleeMulti_Box 76 105 103 104 116 77 101 108 101 101 77 117 108 116 105 95 66 111 120
51471 LightMeleeMulti_Box 76 105 103 104 116 77 101 108 101 101 77 117 108 116 105 95 66 111 120
51625 LightMeleeMulti_Box 76 105 103 104 116 77 101 108 101 101 77 117 108 116 105 95 66 111 120
51779 LightMeleeMulti_Box 76 105 103 104 116 77 101 108 101 101 77 117 108 116 105 95 66 111 120
51933 LightMeleeMulti_Box 76 105 103 104 116 77 101 108 101 101 77 117 108 116 105 95 66 111 120
52087 LightMeleeMulti_Box 76 105 103 104 116 77 101 108 101 101 77 117 108 116 105 95 66 111 120
52241 LightMeleeMulti_Box 76 105 103 104 116 77 101 108 101 101 77 117 108 116 105 95 66 111 120
52395 LightMeleeMulti_Box 76 105 103 104 116 77 101 108 101 101 77 117 108 116 105 95 66 111 120
52549 LightMeleeMulti_Box 76 105 103 104 116 77 101 108 101 101 77 117 108 116 105 95 66 111 120
52703 LightMeleeMulti_Box 76 105 103 104 116 77 101 108 101 101 77 117 108 116 105 95 66 111 120
52857 HeavyMelee 72 101 97 118 121 77 101 108 101 101
75514 LightMelee 76 105 103 104 116 77 101 108 101 101
75655 LightMelee 76 105 103 104 116 77 101 108 101 101
75796 LightMelee 76 105 103 104 116 77 101 108 101 101
75937 LightMelee 76 105 103 104 116 77 101 108 101 101
76078 LightMelee 76 105 103 104 116 77 101 108 101 101
77120 LightMelee 76 105 103 104 116 77 101 108 101 101
77261 LightMelee 76 105 103 104 116 77 101 108 101 101
77402 LightMelee 76 105 103 104 116 77 101 108 101 101
77543 LightMelee 76 105 103 104 116 77 101 108 101 101
77684 LightMelee 76 105 103 104 116 77 101 108 101 101
80556 TurretBurst 84 117 114 114 101 116 66 117 114 115 116
80698 Turret 84 117 114 114 101 116
80835 TurretBurst 84 117 114 114 101 116 66 117 114 115 116
80977 Turret 84 117 114 114 101 116
81114 Turret 84 117 114 114 101 116
110299 Turret 84 117 114 114 101 116
110444 Turret 84 117 114 114 101 116
110589 Turret 84 117 114 114 101 116
110734 Turret 84 117 114 114 101 116
110879 Turret 84 117 114 114 101 116
116016 Turret 84 117 114 114 101 116
116167 Turret 84 117 114 114 101 116
116318 Turret 84 117 114 114 101 116
116491 HeavyMelee 72 101 97 118 121 77 101 108 101 101
116644 HeavyMelee 72 101 97 118 121 77 101 108 101 101
123712 Turret 84 117 114 114 101 116
123859 Turret 84 117 114 114 101 116
124006 Turret 84 117 114 114 101 116
124153 Turret 84 117 114 114 101 116
124300 Turret 84 117 114 114 101 116
124447 Turret 84 117 114 114 101 116
124594 Turret 84 117 114 114 101 116
124741 Turret 84 117 114 114 101 116
124888 Turret 84 117 114 114 101 116
125035 Turret 84 117 114 114 101 116
125182 Turret 84 117 114 114 101 116
125329 Turret 84 117 114 114 101 116
125476 Turret 84 117 114 114 101 116
125623 Turret 84 117 114 114 101 116
125770 Turret 84 117 114 114 101 116
125917 Turret 84 117 114 114 101 116
126064 HeavyMeleeLunge 72 101 97 118 121 77 101 108 101 101 76 117 110 103 101
127953 LightMelee 76 105 103 104 116 77 101 108 101 101
128112 LightMelee 76 105 103 104 116 77 101 108 101 101
128271 LightMelee 76 105 103 104 116 77 101 108 101 101
128430 LightMelee 76 105 103 104 116 77 101 108 101 101
128589 LightMelee 76 105 103 104 116 77 101 108 101 101
128773 LightMelee 76 105 103 104 116 77 101 108 101 101
128932 LightMelee 76 105 103 104 116 77 101 108 101 101
129091 LightMelee 76 105 103 104 116 77 101 108 101 101
129250 LightMelee 76 105 103 104 116 77 101 108 101 101
129409 LightMelee 76 105 103 104 116 77 101 108 101 101
129568 LightMelee 76 105 103 104 116 77 101 108 101 101
129727 LightMelee 76 105 103 104 116 77 101 108 101 101
129886 LightMelee 76 105 103 104 116 77 101 108 101 101
130045 LightMelee 76 105 103 104 116 77 101 108 101 101
130204 LightMelee 76 105 103 104 116 77 101 108 101 101
130363 LightMelee 76 105 103 104 116 77 101 108 101 101
130567 Turret 84 117 114 114 101 116
130882 Turret 84 117 114 114 101 116
141218 LightMeleeSpawner 76 105 103 104 116 77 101 108 101 101 83 112 97 119 110 101 114
141380 LightMeleeSpawner 76 105 103 104 116 77 101 108 101 101 83 112 97 119 110 101 114
141542 LightMeleeSpawner 76 105 103 104 116 77 101 108 101 101 83 112 97 119 110 101 114
141704 LightMeleeSpawner 76 105 103 104 116 77 101 108 101 101 83 112 97 119 110 101 114
142238 HeavyMelee 72 101 97 118 121 77 101 108 101 101
142389 HeavyMeleeLunge 72 101 97 118 121 77 101 108 101 101 76 117 110 103 101
142545 HeavyMeleeLunge 72 101 97 118 121 77 101 108 101 101 76 117 110 103 101
142701 HeavyMelee 72 101 97 118 121 77 101 108 101 101
142918 BigSupport 66 105 103 83 117 112 112 111 114 116
143073 BigSupport 66 105 103 83 117 112 112 111 114 116