0
41222 HeavyMelee 72 101 97 118 121 77 101 108 101 101
41382 HeavyMeleeEasy 72 101 97 118 121 77 101 108 101 101 69 97 115 121
41529 HeavyMeleeEasy 72 101 97 118 121 77 101 108 101 101 69 97 115 121
150215 LightMelee 76 105 103 104 116 77 101 108 101 101
150368 LightMelee 76 105 103 104 116 77 101 108 101 101
150521 LightMelee 76 105 103 104 116 77 101 108 101 101
150674 LightMelee 76 105 103 104 116 77 101 108 101 101
150827 LightMelee 76 105 103 104 116 77 101 108 101 101
150980 LightMelee 76 105 103 104 116 77 101 108 101 101
151155 LightMelee 76 105 103 104 116 77 101 108 101 101
151308 LightMelee 76 105 103 104 116 77 101 108 101 101
151461 LightMelee 76 105 103 104 116 77 101 108 101 101
151614 LightMelee 76 105 103 104 116 77 101 108 101 101