1
11129 HeavyMelee_Box 72 101 97 118 121 77 101 108 101 101 95 66 111 120
13175 TurretRapid 84 117 114 114 101 116 82 97 112 105 100
158808 HeavyMeleeEasy_Box 72 101 97 118 121 77 101 108 101 101 69 97 115 121 95 66 111 120
158959 HeavyMeleeEasy_Box 72 101 97 118 121 77 101 108 101 101 69 97 115 121 95 66 111 120
159110 HeavyMeleeEasy_Box 72 101 97 118 121 77 101 108 101 101 69 97 115 121 95 66 111 120
159261 HeavyMeleeEasy_Box 72 101 97 118 121 77 101 108 101 101 69 97 115 121 95 66 111 120
159412 HeavyMeleeEasy_Box 72 101 97 118 121 77 101 108 101 101 69 97 115 121 95 66 111 120
159563 HeavyMeleeEasy_Box 72 101 97 118 121 77 101 108 101 101 69 97 115 121 95 66 111 120
159714 HeavyMeleeEasy_Box 72 101 97 118 121 77 101 108 101 101 69 97 115 121 95 66 111 120
159865 HeavyMeleeEasy_Box 72 101 97 118 121 77 101 108 101 101 69 97 115 121 95 66 111 120
160033 LightMelee 76 105 103 104 116 77 101 108 101 101
160176 LightMelee 76 105 103 104 116 77 101 108 101 101
160319 LightMelee 76 105 103 104 116 77 101 108 101 101
160462 LightMelee 76 105 103 104 116 77 101 108 101 101
160605 LightMelee 76 105 103 104 116 77 101 108 101 101
160748 LightMelee 76 105 103 104 116 77 101 108 101 101
160891 LightMelee 76 105 103 104 116 77 101 108 101 101
161034 LightMelee 76 105 103 104 116 77 101 108 101 101
161177 LightMelee 76 105 103 104 116 77 101 108 101 101
161320 LightMelee 76 105 103 104 116 77 101 108 101 101
161463 LightMelee 76 105 103 104 116 77 101 108 101 101
161606 LightMelee 76 105 103 104 116 77 101 108 101 101
161749 LightMelee 76 105 103 104 116 77 101 108 101 101
161892 LightMelee 76 105 103 104 116 77 101 108 101 101
162035 LightMelee 76 105 103 104 116 77 101 108 101 101
162178 LightMelee 76 105 103 104 116 77 101 108 101 101
162321 LightMelee 76 105 103 104 116 77 101 108 101 101
162464 LightMelee 76 105 103 104 116 77 101 108 101 101
162607 LightMelee 76 105 103 104 116 77 101 108 101 101
162750 LightMelee 76 105 103 104 116 77 101 108 101 101
162893 LightMelee 76 105 103 104 116 77 101 108 101 101
163036 LightMelee 76 105 103 104 116 77 101 108 101 101
163179 LightMelee 76 105 103 104 116 77 101 108 101 101
163322 LightMelee 76 105 103 104 116 77 101 108 101 101
163465 LightMelee 76 105 103 104 116 77 101 108 101 101
163608 LightMelee 76 105 103 104 116 77 101 108 101 101
163751 LightMelee 76 105 103 104 116 77 101 108 101 101
163894 LightMelee 76 105 103 104 116 77 101 108 101 101
164037 LightMelee 76 105 103 104 116 77 101 108 101 101
164180 LightMelee 76 105 103 104 116 77 101 108 101 101
164323 LightMelee 76 105 103 104 116 77 101 108 101 101
164483 HeavyMeleeLunge 72 101 97 118 121 77 101 108 101 101 76 117 110 103 101
205759 HeavyMeleeEasy_Box 72 101 97 118 121 77 101 108 101 101 69 97 115 121 95 66 111 120
205912 HeavyMeleeEasy_Box 72 101 97 118 121 77 101 108 101 101 69 97 115 121 95 66 111 120
206065 HeavyMeleeEasy_Box 72 101 97 118 121 77 101 108 101 101 69 97 115 121 95 66 111 120