22
185315 TurretBeam 84 117 114 114 101 116 66 101 97 109
185464 TurretBeam 84 117 114 114 101 116 66 101 97 109
185613 TurretBeam 84 117 114 114 101 116 66 101 97 109
185762 Ura_Ranged_Female 85 114 97 95 82 97 110 103 101 100 95 70 101 109 97 108 101 
185918 Firefly_Sleeper_Spawner 70 105 114 101 102 108 121 95 83 108 101 101 112 101 114 95 83 112 97 119 110 101 114
186080 Ura_Ranged_Male 85 114 97 95 82 97 110 103 101 100 95 77 97 108 101
186234 Firefly_Sleeper_Spawner 70 105 114 101 102 108 121 95 83 108 101 101 112 101 114 95 83 112 97 119 110 101 114
186396 Firefly_Sleeper_Spawner 70 105 114 101 102 108 121 95 83 108 101 101 112 101 114 95 83 112 97 119 110 101 114
186558 Ura_Ranged_Female 85 114 97 95 82 97 110 103 101 100 95 70 101 109 97 108 101
186714 Ura_Ranged_Female 85 114 97 95 82 97 110 103 101 100 95 70 101 109 97 108 101
186870 Ura_Ranged_Female 85 114 97 95 82 97 110 103 101 100 95 70 101 109 97 108 101
187026 Ura_Ranged_Female 85 114 97 95 82 97 110 103 101 100 95 70 101 109 97 108 101
187182 Mole 77 111 108 101
187325 Mole 77 111 108 101
187468 Mole 77 111 108 101
187611 Ura_Melee_Male 85 114 97 95 77 101 108 101 101 95 77 97 108 101
187764 Ura_Melee_Male 85 114 97 95 77 101 108 101 101 95 77 97 108 101
187917 Mole 77 111 108 101
188060 Ura_Melee_Male 85 114 97 95 77 101 108 101 101 95 77 97 108 101
188213 Ura_Ranged_Female 85 114 97 95 82 97 110 103 101 100 95 70 101 109 97 108 101
188369 Ura_Ranged_Female 85 114 97 95 82 97 110 103 101 100 95 70 101 109 97 108 101
188525 Ura_Ranged_Female 85 114 97 95 82 97 110 103 101 100 95 70 101 109 97 108 101
188681 Ura_Ranged_Female 85 114 97 95 82 97 110 103 101 100 95 70 101 109 97 108 101
188837 TurretBeam 84 117 114 114 101 116 66 101 97 109
188986 TurretBeam 84 117 114 114 101 116 66 101 97 109
189135 Mole 77 111 108 101
189278 TurretBeam 84 117 114 114 101 116 66 101 97 109
189427 Firefly_Sleeper_Spawner 70 105 114 101 102 108 121 95 83 108 101 101 112 101 114 95 83 112 97 119 110 101 114
189589 Mole 77 111 108 101
189732 TurretBeam 84 117 114 114 101 116 66 101 97 109
189881 TurretBeam 84 117 114 114 101 116 66 101 97 109
190030 TurretBeam 84 117 114 114 101 116 66 101 97 109
190179 TurretBeam 84 117 114 114 101 116 66 101 97 109
190328 TurretBeam 84 117 114 114 101 116 66 101 97 109 
190477 TurretBeam 84 117 114 114 101 116 66 101 97 109
190626 TurretBeam 84 117 114 114 101 116 66 101 97 109
190775 TurretBeam 84 117 114 114 101 116 66 101 97 109
190924 TurretBeam 84 117 114 114 101 116 66 101 97 109
191073 TurretBeam 84 117 114 114 101 116 66 101 97 109
191222 TurretBeam 84 117 114 114 101 116 66 101 97 109
191371 TurretBeam 84 117 114 114 101 116 66 101 97 109
191520 Ura_Ranged_Female 85 114 97 95 82 97 110 103 101 100 95 70 101 109 97 108 101
191676 Ura_Melee_Male 85 114 97 95 77 101 108 101 101 95 77 97 108 101
191829 TurretBeam 84 117 114 114 101 116 66 101 97 109
191978 TurretBeam 84 117 114 114 101 116 66 101 97 109
192127 Mole 77 111 108 101
192270 Ura_Ranged_Male 85 114 97 95 82 97 110 103 101 100 95 77 97 108 101
192424 Mole 77 111 108 101
192567 TurretBeam 84 117 114 114 101 116 66 101 97 109
192716 TurretBeam 84 117 114 114 101 116 66 101 97 109
192865 TurretBeam 84 117 114 114 101 116 66 101 97 109
193014 TurretBeam 84 117 114 114 101 116 66 101 97 109
266012 TurretBeam 84 117 114 114 101 116 66 101 97 109
266186 TurretBeam 84 117 114 114 101 116 66 101 97 109
266337 TurretBeam 84 117 114 114 101 116 66 101 97 109
266488 TurretBeam 84 117 114 114 101 116 66 101 97 109
266655 Mole 77 111 108 101
266786 Mole 77 111 108 101
266935 Ura_Melee_Male 85 114 97 95 77 101 108 101 101 95 77 97 108 101
267080 Ura_Melee_Male 85 114 97 95 77 101 108 101 101 95 77 97 108 101
267243 Mole 77 111 108 101
267378 Ura_Ranged_Female 85 114 97 95 82 97 110 103 101 100 95 70 101 109 97 108 101
267526 Mole 77 111 108 101
267661 Ura_Ranged_Female 85 114 97 95 82 97 110 103 101 100 95 70 101 109 97 108 101
267832 TurretBeam 84 117 114 114 101 116 66 101 97 109
267983 TurretBeam 84 117 114 114 101 116 66 101 97 109
317520 Ura_Ranged_Female 85 114 97 95 82 97 110 103 101 100 95 70 101 109 97 108 101
317674 Ura_Melee_Male 85 114 97 95 77 101 108 101 101 95 77 97 108 101