14
13849 TurretRapid 84 117 114 114 101 116 82 97 112 105 100
13991 LightMeleeSpawnerLarge 76 105 103 104 116 77 101 108 101 101 83 112 97 119 110 101 114 76 97 114 103 101
24537 DarkPlayer_Hammer 68 97 114 107 80 108 97 121 101 114 95 72 97 109 109 101 114
117077 HeavyMeleeGhost 72 101 97 118 121 77 101 108 101 101 71 104 111 115 116
117225 HeavyMeleeGhost 72 101 97 118 121 77 101 108 101 101 71 104 111 115 116
117373 HeavyMeleeGhost 72 101 97 118 121 77 101 108 101 101 71 104 111 115 116
117521 LightMeleeLargeGhost 76 105 103 104 116 77 101 108 101 101 76 97 114 103 101 71 104 111 115 116
136501 Firefly 70 105 114 101 102 108 121
136649 Firefly 70 105 114 101 102 108 121
136797 Firefly 70 105 114 101 102 108 121
136945 Firefly 70 105 114 101 102 108 121
137093 Firefly 70 105 114 101 102 108 121
137241 Firefly 70 105 114 101 102 108 121
137389 Firefly 70 105 114 101 102 108 121
137537 Firefly 70 105 114 101 102 108 121
137685 Firefly 70 105 114 101 102 108 121
137833 Firefly 70 105 114 101 102 108 121
137981 Firefly 70 105 114 101 102 108 121
138129 Firefly 70 105 114 101 102 108 121
138277 Firefly 70 105 114 101 102 108 121
138425 Firefly 70 105 114 101 102 108 121
138573 Firefly 70 105 114 101 102 108 121
138721 Firefly 70 105 114 101 102 108 121
138869 Firefly 70 105 114 101 102 108 121
139017 Firefly 70 105 114 101 102 108 121
139165 Firefly 70 105 114 101 102 108 121
139313 Firefly 70 105 114 101 102 108 121
139461 Firefly 70 105 114 101 102 108 121
139609 Firefly 70 105 114 101 102 108 121
139757 Firefly 70 105 114 101 102 108 121
139947 HeavyMeleeGhost 72 101 97 118 121 77 101 108 101 101 71 104 111 115 116
140099 HeavyMeleeGhost 72 101 97 118 121 77 101 108 101 101 71 104 111 115 116
140272 LightMeleeLargeGhost 76 105 103 104 116 77 101 108 101 101 76 97 114 103 101 71 104 111 115 116
140429 LightMeleeLargeGhost 76 105 103 104 116 77 101 108 101 101 76 97 114 103 101 71 104 111 115 116
140586 LightMeleeLargeGhost 76 105 103 104 116 77 101 108 101 101 76 97 114 103 101 71 104 111 115 116
152119 TurretFlame 84 117 114 114 101 116 70 108 97 109 101
152277 TurretFlame 84 117 114 114 101 116 70 108 97 109 101
152435 TurretHoming 84 117 114 114 101 116 72 111 109 105 110 103
152594 Turret 84 117 114 114 101 116
152747 TurretBurst 84 117 114 114 101 116 66 117 114 115 116
152905 Turret 84 117 114 114 101 116
153058 Turret 84 117 114 114 101 116
153211 Turret 84 117 114 114 101 116
153364 Turret 84 117 114 114 101 116
153517 Turret 84 117 114 114 101 116
154049 FlyingSwarmer_Gargoyle 70 108 121 105 110 103 83 119 97 114 109 101 114 95 71 97 114 103 111 121 108 101
154210 Frog 70 114 111 103
154353 Turtle 84 117 114 116 108 101
154498 Turtle 84 117 114 116 108 101
154643 Turtle 84 117 114 116 108 101
405698 Stinkweed_Bulb 83 116 105 110 107 119 101 101 100 95 66 117 108 98
405847 Stinkweed_Bulb 83 116 105 110 107 119 101 101 100 95 66 117 108 98
405996 Stinkweed_Bulb 83 116 105 110 107 119 101 101 100 95 66 117 108 98
406145 Stinkweed_Bulb 83 116 105 110 107 119 101 101 100 95 66 117 108 98
406294 Stinkweed_Bulb 83 116 105 110 107 119 101 101 100 95 66 117 108 98
406443 Stinkweed_Bulb 83 116 105 110 107 119 101 101 100 95 66 117 108 98
406592 Stinkweed_Bulb 83 116 105 110 107 119 101 101 100 95 66 117 108 98
406741 Stinkweed_Bulb 83 116 105 110 107 119 101 101 100 95 66 117 108 98
406890 Stinkweed_Bulb 83 116 105 110 107 119 101 101 100 95 66 117 108 98
407039 Stinkweed_Bulb 83 116 105 110 107 119 101 101 100 95 66 117 108 98
407188 Stinkweed_Bulb 83 116 105 110 107 119 101 101 100 95 66 117 108 98