13
2323 Lasso 76 97 115 115 111
27014 Stinkweed_Bulb 83 116 105 110 107 119 101 101 100 95 66 117 108 98
60925 Deepspawn 68 101 101 112 115 112 97 119 110
61088 Lasso 76 97 115 115 111
61222 Lasso 76 97 115 115 111
61378 Spineweed_Nova 83 112 105 110 101 119 101 101 100 95 78 111 118 97
61531 Spineweed_Nova 83 112 105 110 101 119 101 101 100 95 78 111 118 97
61706 Spineweed 83 112 105 110 101 119 101 101 100
61854 Spineweed 83 112 105 110 101 119 101 101 100
62023 Stinkweed_Bulb 83 116 105 110 107 119 101 101 100 95 66 117 108 98
62174 Stinkweed_Bulb 83 116 105 110 107 119 101 101 100 95 66 117 108 98
62325 Stinkweed_Bulb 83 116 105 110 107 119 101 101 100 95 66 117 108 98
62476 Stinkweed_Bulb 83 116 105 110 107 119 101 101 100 95 66 117 108 98
62627 Stinkweed_Bulb 83 116 105 110 107 119 101 101 100 95 66 117 108 98
62778 Stinkweed_Bulb 83 116 105 110 107 119 101 101 100 95 66 117 108 98
91196 Lasso 76 97 115 115 111
91330 Lasso 76 97 115 115 111
185323 Lasso 76 97 115 115 111
196173 Stinkweed_Bulb 83 116 105 110 107 119 101 101 100 95 66 117 108 98
206038 Stinkweed_Bulb 83 116 105 110 107 119 101 101 100 95 66 117 108 98