17
4005 TurtleNova 84 117 114 116 108 101 78 111 118 97
4437 FlyingSwarmer_Gargoyle 70 108 121 105 110 103 83 119 97 114 109 101 114 95 71 97 114 103 111 121 108 101
4590 FlyingSwarmer_Gargoyle 70 108 121 105 110 103 83 119 97 114 109 101 114 95 71 97 114 103 111 121 108 101
72814 Lasso 76 97 115 115 111
73829 FlyingSwarmer_Pest 70 108 121 105 110 103 83 119 97 114 109 101 114 95 80 101 115 116
73976 FlyingSwarmer_Pest 70 108 121 105 110 103 83 119 97 114 109 101 114 95 80 101 115 116
74140 Stinkweed_Lob 83 116 105 110 107 119 101 101 100 95 76 111 98
74282 TurtleBarrage 84 117 114 116 108 101 66 97 114 114 97 103 101
75624 Lasso 76 97 115 115 111
75758 Stinkweed_Lob 83 116 105 110 107 119 101 101 100 95 76 111 98
78733 Lasso 76 97 115 115 111
78867 Lasso 76 97 115 115 111
79018 FlyingSwarmer_Pest_Aggressive 70 108 121 105 110 103 83 119 97 114 109 101 114 95 80 101 115 116 95 65 103 103 114 101 115 115 105 118 101
79176 FlyingSwarmer_Pest_Aggressive 70 108 121 105 110 103 83 119 97 114 109 101 114 95 80 101 115 116 95 65 103 103 114 101 115 115 105 118 101
79334 FlyingSwarmer_Pest_Aggressive 70 108 121 105 110 103 83 119 97 114 109 101 114 95 80 101 115 116 95 65 103 103 114 101 115 115 105 118 101
79492 FlyingSwarmer_Pest_Aggressive 70 108 121 105 110 103 83 119 97 114 109 101 114 95 80 101 115 116 95 65 103 103 114 101 115 115 105 118 101
79650 FlyingSwarmer_Pest_Aggressive 70 108 121 105 110 103 83 119 97 114 109 101 114 95 80 101 115 116 95 65 103 103 114 101 115 115 105 118 101
79808 FlyingSwarmer_Pest 70 108 121 105 110 103 83 119 97 114 109 101 114 95 80 101 115 116
79955 FlyingSwarmer_Pest 70 108 121 105 110 103 83 119 97 114 109 101 114 95 80 101 115 116
80102 FlyingSwarmer_Pest 70 108 121 105 110 103 83 119 97 114 109 101 114 95 80 101 115 116
80249 FlyingSwarmer_Pest 70 108 121 105 110 103 83 119 97 114 109 101 114 95 80 101 115 116
80396 FlyingSwarmer_Pest 70 108 121 105 110 103 83 119 97 114 109 101 114 95 80 101 115 116
80543 FlyingSwarmer_Pest 70 108 121 105 110 103 83 119 97 114 109 101 114 95 80 101 115 116
81444 TurtleBarrage 84 117 114 116 108 101 66 97 114 114 97 103 101
81586 Stinkweed_Lob 83 116 105 110 107 119 101 101 100 95 76 111 98
82720 Turtle 84 117 114 116 108 101
82865 Turtle 84 117 114 116 108 101
83010 TurtleCloud 84 117 114 116 108 101 67 108 111 117 100
83160 FlyingSwarmer_Gargoyle 70 108 121 105 110 103 83 119 97 114 109 101 114 95 71 97 114 103 111 121 108 101
83321 FlyingSwarmer_Gargoyle 70 108 121 105 110 103 83 119 97 114 109 101 114 95 71 97 114 103 111 121 108 101
83482 Stinkweed_Bulb 83 116 105 110 107 119 101 101 100 95 66 117 108 98
83635 Stinkweed_Bulb 83 116 105 110 107 119 101 101 100 95 66 117 108 98
83788 Stinkweed_Bulb 83 116 105 110 107 119 101 101 100 95 66 117 108 98
83941 Stinkweed_Bulb 83 116 105 110 107 119 101 101 100 95 66 117 108 98
84094 Stinkweed_Bulb 83 116 105 110 107 119 101 101 100 95 66 117 108 98
84247 Stinkweed_Bulb 83 116 105 110 107 119 101 101 100 95 66 117 108 98
84400 Stinkweed_Bulb 83 116 105 110 107 119 101 101 100 95 66 117 108 98
84553 Stinkweed_Bulb 83 116 105 110 107 119 101 101 100 95 66 117 108 98
84706 Spineweed 83 112 105 110 101 119 101 101 100
84854 Spineweed 83 112 105 110 101 119 101 101 100
85002 Spineweed 83 112 105 110 101 119 101 101 100
85150 Spineweed 83 112 105 110 101 119 101 101 100
85298 Spineweed 83 112 105 110 101 119 101 101 100
85446 Turtle 84 117 114 116 108 101
85591 Turtle 84 117 114 116 108 101
85736 Turtle 84 117 114 116 108 101
85881 Turtle 84 117 114 116 108 101
86026 Turtle 84 117 114 116 108 101
86325 FlyingSwarmer 70 108 121 105 110 103 83 119 97 114 109 101 114
86477 FlyingSwarmer_Gargoyle 70 108 121 105 110 103 83 119 97 114 109 101 114 95 71 97 114 103 111 121 108 101
86638 TurtleCloud 84 117 114 116 108 101 67 108 111 117 100
86788 TurtleCloud 84 117 114 116 108 101 67 108 111 117 100
86938 TurtleCloud 84 117 114 116 108 101 67 108 111 117 100
87088 TurtleCloud 84 117 114 116 108 101 67 108 111 117 100
87238 Stinkweed_Lob 83 116 105 110 107 119 101 101 100 95 76 111 98
87390 Stinkweed_Lob 83 116 105 110 107 119 101 101 100 95 76 111 98
87542 TurtleNova 84 117 114 116 108 101 78 111 118 97
87691 TurtleNova 84 117 114 116 108 101 78 111 118 97
87840 Firefly_Giant 70 105 114 101 102 108 121 95 71 105 97 110 116
87992 Spineweed 83 112 105 110 101 119 101 101 100
88140 Stinkweed_Lob 83 116 105 110 107 119 101 101 100 95 76 111 98
88292 Firefly_Giant 70 105 114 101 102 108 121 95 71 105 97 110 116
88444 Stinkweed_Lob 83 116 105 110 107 119 101 101 100 95 76 111 98
113400 FlyingSwarmer_Pest_Aggressive 70 108 121 105 110 103 83 119 97 114 109 101 114 95 80 101 115 116 95 65 103 103 114 101 115 115 105 118 101
113558 FlyingSwarmer_Pest_Aggressive 70 108 121 105 110 103 83 119 97 114 109 101 114 95 80 101 115 116 95 65 103 103 114 101 115 115 105 118 101
113716 FlyingSwarmer_Pest_Aggressive 70 108 121 105 110 103 83 119 97 114 109 101 114 95 80 101 115 116 95 65 103 103 114 101 115 115 105 118 101
113874 FlyingSwarmer_Pest_Aggressive 70 108 121 105 110 103 83 119 97 114 109 101 114 95 80 101 115 116 95 65 103 103 114 101 115 115 105 118 101
114032 FlyingSwarmer_Pest_Aggressive 70 108 121 105 110 103 83 119 97 114 109 101 114 95 80 101 115 116 95 65 103 103 114 101 115 115 105 118 101
114642 FlyingSwarmer_Pest_Aggressive 70 108 121 105 110 103 83 119 97 114 109 101 114 95 80 101 115 116 95 65 103 103 114 101 115 115 105 118 101
117333 FlyingSwarmer_Pest 70 108 121 105 110 103 83 119 97 114 109 101 114 95 80 101 115 116
117480 FlyingSwarmer_Pest 70 108 121 105 110 103 83 119 97 114 109 101 114 95 80 101 115 116
117627 FlyingSwarmer_Pest 70 108 121 105 110 103 83 119 97 114 109 101 114 95 80 101 115 116
117774 FlyingSwarmer_Pest 70 108 121 105 110 103 83 119 97 114 109 101 114 95 80 101 115 116
117921 FlyingSwarmer_Pest 70 108 121 105 110 103 83 119 97 114 109 101 114 95 80 101 115 116
118068 FlyingSwarmer_Pest 70 108 121 105 110 103 83 119 97 114 109 101 114 95 80 101 115 116
213390 FlyingSwarmer_Pest_Aggressive 70 108 121 105 110 103 83 119 97 114 109 101 114 95 80 101 115 116 95 65 103 103 114 101 115 115 105 118 101
213562 FlyingSwarmer_Pest_Aggressive 70 108 121 105 110 103 83 119 97 114 109 101 114 95 80 101 115 116 95 65 103 103 114 101 115 115 105 118 101
213734 FlyingSwarmer_Pest_Aggressive 70 108 121 105 110 103 83 119 97 114 109 101 114 95 80 101 115 116 95 65 103 103 114 101 115 115 105 118 101
213906 FlyingSwarmer_Pest_Aggressive 70 108 121 105 110 103 83 119 97 114 109 101 114 95 80 101 115 116 95 65 103 103 114 101 115 115 105 118 101
214078 FlyingSwarmer_Pest_Aggressive 70 108 121 105 110 103 83 119 97 114 109 101 114 95 80 101 115 116 95 65 103 103 114 101 115 115 105 118 101
214250 FlyingSwarmer_Pest_Aggressive 70 108 121 105 110 103 83 119 97 114 109 101 114 95 80 101 115 116 95 65 103 103 114 101 115 115 105 118 101
214422 FlyingSwarmer_Pest_Aggressive 70 108 121 105 110 103 83 119 97 114 109 101 114 95 80 101 115 116 95 65 103 103 114 101 115 115 105 118 101
214594 FlyingSwarmer_Pest_Aggressive 70 108 121 105 110 103 83 119 97 114 109 101 114 95 80 101 115 116 95 65 103 103 114 101 115 115 105 118 101
214766 FlyingSwarmer_Pest_Aggressive 70 108 121 105 110 103 83 119 97 114 109 101 114 95 80 101 115 116 95 65 103 103 114 101 115 115 105 118 101
214938 TurtleBarrage 84 117 114 116 108 101 66 97 114 114 97 103 101
215094 TurtleBarrage 84 117 114 116 108 101 66 97 114 114 97 103 101
215250 FlyingSwarmer_Pest 70 108 121 105 110 103 83 119 97 114 109 101 114 95 80 101 115 116
215411 FlyingSwarmer_Pest 70 108 121 105 110 103 83 119 97 114 109 101 114 95 80 101 115 116
215572 FlyingSwarmer_Pest_Aggressive 70 108 121 105 110 103 83 119 97 114 109 101 114 95 80 101 115 116 95 65 103 103 114 101 115 115 105 118 101
215744 FlyingSwarmer_Pest_Aggressive 70 108 121 105 110 103 83 119 97 114 109 101 114 95 80 101 115 116 95 65 103 103 114 101 115 115 105 118 101
215916 FlyingSwarmer_Pest 70 108 121 105 110 103 83 119 97 114 109 101 114 95 80 101 115 116
216077 FlyingSwarmer_Pest_Aggressive 70 108 121 105 110 103 83 119 97 114 109 101 114 95 80 101 115 116 95 65 103 103 114 101 115 115 105 118 101
216249 FlyingSwarmer_Pest_Aggressive 70 108 121 105 110 103 83 119 97 114 109 101 114 95 80 101 115 116 95 65 103 103 114 101 115 115 105 118 101
216421 FlyingSwarmer_Pest 70 108 121 105 110 103 83 119 97 114 109 101 114 95 80 101 115 116
216582 FlyingSwarmer_Pest 70 108 121 105 110 103 83 119 97 114 109 101 114 95 80 101 115 116
216743 FlyingSwarmer_Pest 70 108 121 105 110 103 83 119 97 114 109 101 114 95 80 101 115 116
217378 FlyingSwarmer_Pest 70 108 121 105 110 103 83 119 97 114 109 101 114 95 80 101 115 116
217539 FlyingSwarmer_Pest 70 108 121 105 110 103 83 119 97 114 109 101 114 95 80 101 115 116
217700 FlyingSwarmer_Pest 70 108 121 105 110 103 83 119 97 114 109 101 114 95 80 101 115 116
217861 FlyingSwarmer_Pest 70 108 121 105 110 103 83 119 97 114 109 101 114 95 80 101 115 116