9
44362 LightMelee 76 105 103 104 116 77 101 108 101 101
44501 LightMelee 76 105 103 104 116 77 101 108 101 101
44640 LightMelee 76 105 103 104 116 77 101 108 101 101
44779 LightMelee 76 105 103 104 116 77 101 108 101 101
44918 LightMelee 76 105 103 104 116 77 101 108 101 101
45057 LightMelee 76 105 103 104 116 77 101 108 101 101
45196 LightMelee 76 105 103 104 116 77 101 108 101 101
45335 LightMelee 76 105 103 104 116 77 101 108 101 101
45474 LightMelee 76 105 103 104 116 77 101 108 101 101
45613 LightMelee 76 105 103 104 116 77 101 108 101 101
45752 LightMelee 76 105 103 104 116 77 101 108 101 101
45891 LightMelee 76 105 103 104 116 77 101 108 101 101
46030 LightMelee 76 105 103 104 116 77 101 108 101 101
46169 LightMelee 76 105 103 104 116 77 101 108 101 101
46308 LightMelee 76 105 103 104 116 77 101 108 101 101
46447 LightMelee 76 105 103 104 116 77 101 108 101 101
46586 LightMelee 76 105 103 104 116 77 101 108 101 101
46725 LightMelee 76 105 103 104 116 77 101 108 101 101
46864 LightMelee 76 105 103 104 116 77 101 108 101 101
47003 LightMelee 76 105 103 104 116 77 101 108 101 101
47142 Bull 66 117 108 108
47292 HeavyMeleeLunge 72 101 97 118 121 77 101 108 101 101 76 117 110 103 101
47453 LightMeleeScared 76 105 103 104 116 77 101 108 101 101 83 99 97 114 101 100
47598 LightMeleeScared 76 105 103 104 116 77 101 108 101 101 83 99 97 114 101 100
47743 LightMeleeScared 76 105 103 104 116 77 101 108 101 101 83 99 97 114 101 100
47888 LightMeleeScared 76 105 103 104 116 77 101 108 101 101 83 99 97 114 101 100
48033 LightMeleeScared 76 105 103 104 116 77 101 108 101 101 83 99 97 114 101 100
48178 LightMeleeScared 76 105 103 104 116 77 101 108 101 101 83 99 97 114 101 100
48323 LightMeleeScared 76 105 103 104 116 77 101 108 101 101 83 99 97 114 101 100
48468 LightMeleeScared 76 105 103 104 116 77 101 108 101 101 83 99 97 114 101 100
48613 LightMeleeScared 76 105 103 104 116 77 101 108 101 101 83 99 97 114 101 100
48758 LightMeleeScared 76 105 103 104 116 77 101 108 101 101 83 99 97 114 101 100
48903 LightMeleeScared 76 105 103 104 116 77 101 108 101 101 83 99 97 114 101 100
49048 LightMeleeScared 76 105 103 104 116 77 101 108 101 101 83 99 97 114 101 100
49193 LightMeleeScared 76 105 103 104 116 77 101 108 101 101 83 99 97 114 101 100
49338 LightMeleeScared 76 105 103 104 116 77 101 108 101 101 83 99 97 114 101 100
49500 HeavyMelee 72 101 97 118 121 77 101 108 101 101
49656 Turret 84 117 114 114 101 116
49791 Turret 84 117 114 114 101 116
49926 Turret 84 117 114 114 101 116
50061 Turret 84 117 114 114 101 116
53313 LightMelee 76 105 103 104 116 77 101 108 101 101
53452 TurretBurst 84 117 114 114 101 116 66 117 114 115 116
53592 LightMelee 76 105 103 104 116 77 101 108 101 101
53731 LightMelee 76 105 103 104 116 77 101 108 101 101
53904 LightMeleeSpawner 76 105 103 104 116 77 101 108 101 101 83 112 97 119 110 101 114
54067 LightMeleeLarge 76 105 103 104 116 77 101 108 101 101 76 97 114 103 101
54211 LightMeleeLarge 76 105 103 104 116 77 101 108 101 101 76 97 114 103 101
54372 Turret 84 117 114 114 101 116
54507 TurretFlame 84 117 114 114 101 116 70 108 97 109 101
54647 Turret 84 117 114 114 101 116
54782 Bull_MaxGrip 66 117 108 108 95 77 97 120 71 114 105 112
55071 Bull 66 117 108 108