8
14441 HeavyMelee_Box 72 101 97 118 121 77 101 108 101 101 95 66 111 120
14586 HeavyMelee_Box 72 101 97 118 121 77 101 108 101 101 95 66 111 120
14731 HeavyMelee_Box 72 101 97 118 121 77 101 108 101 101 95 66 111 120
14876 HeavyMelee_Box 72 101 97 118 121 77 101 108 101 101 95 66 111 120
15926 TurretBurst 84 117 114 114 101 116 66 117 114 115 116
16068 TurretBurst 84 117 114 114 101 116 66 117 114 115 116
16210 TurretBurst 84 117 114 114 101 116 66 117 114 115 116
16352 TurretBurst 84 117 114 114 101 116 66 117 114 115 116
17814 TurretHoming 84 117 114 114 101 116 72 111 109 105 110 103
17957 TurretBurst 84 117 114 114 101 116 66 117 114 115 116
45023 TurretTurtle 84 117 114 114 101 116 84 117 114 116 108 101
46348 LightMeleeSpawnerVolley 76 105 103 104 116 77 101 108 101 101 83 112 97 119 110 101 114 86 111 108 108 101 121
98404 TurretTurtle 84 117 114 114 101 116 84 117 114 116 108 101
182804 LightMeleeMulti_Box 76 105 103 104 116 77 101 108 101 101 77 117 108 116 105 95 66 111 120
182956 LightMeleeScared 76 105 103 104 116 77 101 108 101 101 83 99 97 114 101 100
183262 LightMeleeMulti_Box 76 105 103 104 116 77 101 108 101 101 77 117 108 116 105 95 66 111 120
183414 LightMeleeMulti_Box 76 105 103 104 116 77 101 108 101 101 77 117 108 116 105 95 66 111 120
188185 LightMeleeMulti_Box 76 105 103 104 116 77 101 108 101 101 77 117 108 116 105 95 66 111 120
188337 LightMeleeMulti_Box 76 105 103 104 116 77 101 108 101 101 77 117 108 116 105 95 66 111 120
188489 LightMeleeLarge 76 105 103 104 116 77 101 108 101 101 76 97 114 103 101
188675 TurretBurst 84 117 114 114 101 116 66 117 114 115 116
188819 TurretBurst 84 117 114 114 101 116 66 117 114 115 116
188963 TurretBurst 84 117 114 114 101 116 66 117 114 115 116
189126 TurretBurst 84 117 114 114 101 116 66 117 114 115 116
189270 TurretBurst 84 117 114 114 101 116 66 117 114 115 116
189414 TurretBurst 84 117 114 114 101 116 66 117 114 115 116
189577 TurretFlame 84 117 114 114 101 116 70 108 97 109 101
189721 TurretFlame 84 117 114 114 101 116 70 108 97 109 101
189865 TurretFlame 84 117 114 114 101 116 70 108 97 109 101
190009 TurretFlame 84 117 114 114 101 116 70 108 97 109 101
190153 TurretFlame 84 117 114 114 101 116 70 108 97 109 101
190297 TurretFlame 84 117 114 114 101 116 70 108 97 109 101
190441 TurretFlame 84 117 114 114 101 116 70 108 97 109 101
190585 TurretFlame 84 117 114 114 101 116 70 108 97 109 101
192886 HeavyMeleeLunge 72 101 97 118 121 77 101 108 101 101 76 117 110 103 101
193034 HeavyMelee 72 101 97 118 121 77 101 108 101 101
193177 HeavyMelee 72 101 97 118 121 77 101 108 101 101
193320 HeavyMeleeLunge 72 101 97 118 121 77 101 108 101 101 76 117 110 103 101
193468 HeavyMeleeSlam 72 101 97 118 121 77 101 108 101 101 83 108 97 109
193615 HeavyMeleeLunge 72 101 97 118 121 77 101 108 101 101 76 117 110 103 101
193782 LightMeleeMulti_Box 76 105 103 104 116 77 101 108 101 101 77 117 108 116 105 95 66 111 120
193934 LightMeleeMulti_Box 76 105 103 104 116 77 101 108 101 101 77 117 108 116 105 95 66 111 120
194086 LightMeleeMulti_Box 76 105 103 104 116 77 101 108 101 101 77 117 108 116 105 95 66 111 120
194238 LightMeleeMulti_Box 76 105 103 104 116 77 101 108 101 101 77 117 108 116 105 95 66 111 120
194390 LightMeleeMulti_Box 76 105 103 104 116 77 101 108 101 101 77 117 108 116 105 95 66 111 120
194542 LightMeleeMulti_Box 76 105 103 104 116 77 101 108 101 101 77 117 108 116 105 95 66 111 120
194694 LightMeleeMulti_Box 76 105 103 104 116 77 101 108 101 101 77 117 108 116 105 95 66 111 120
194846 LightMeleeMulti_Box 76 105 103 104 116 77 101 108 101 101 77 117 108 116 105 95 66 111 120
194998 LightMeleeMulti_Box 76 105 103 104 116 77 101 108 101 101 77 117 108 116 105 95 66 111 120
195169 LightMeleeMulti_Box 76 105 103 104 116 77 101 108 101 101 77 117 108 116 105 95 66 111 120
195321 HeavyMelee_Box 72 101 97 118 121 77 101 108 101 101 95 66 111 120
195468 LightMeleeMulti_Box 76 105 103 104 116 77 101 108 101 101 77 117 108 116 105 95 66 111 120
195620 HeavyMelee_Box 72 101 97 118 121 77 101 108 101 101 95 66 111 120
195767 LightMeleeMulti_Box 76 105 103 104 116 77 101 108 101 101 77 117 108 116 105 95 66 111 120
195919 HeavyMelee_Box 72 101 97 118 121 77 101 108 101 101 95 66 111 120
196066 HeavyMeleeEasy_Box 72 101 97 118 121 77 101 108 101 101 69 97 115 121 95 66 111 120
196217 HeavyMeleeEasy_Box 72 101 97 118 121 77 101 108 101 101 69 97 115 121 95 66 111 120
196368 LightMeleeMulti_Box 76 105 103 104 116 77 101 108 101 101 77 117 108 116 105 95 66 111 120
196520 HeavyMelee_Box 72 101 97 118 121 77 101 108 101 101 95 66 111 120
196667 HeavyMeleeEasy_Box 72 101 97 118 121 77 101 108 101 101 69 97 115 121 95 66 111 120
196818 LightMeleeMulti_Box 76 105 103 104 116 77 101 108 101 101 77 117 108 116 105 95 66 111 120
196970 HeavyMelee_Box 72 101 97 118 121 77 101 108 101 101 95 66 111 120
197117 HeavyMeleeEasy_Box 72 101 97 118 121 77 101 108 101 101 69 97 115 121 95 66 111 120
197287 TurretHoming 84 117 114 114 101 116 72 111 109 105 110 103
197432 HeavyMeleeLunge 72 101 97 118 121 77 101 108 101 101 76 117 110 103 101
197580 TurretHoming 84 117 114 114 101 116 72 111 109 105 110 103
197725 TurretHoming 84 117 114 114 101 116 72 111 109 105 110 103
197889 BigSupport_Lunge 66 105 103 83 117 112 112 111 114 116 95 76 117 110 103 101
198038 LightMeleeSpawnerVolley 76 105 103 104 116 77 101 108 101 101 83 112 97 119 110 101 114 86 111 108 108 101 121
198194 LightMeleeSpawnerVolley 76 105 103 104 116 77 101 108 101 101 83 112 97 119 110 101 114 86 111 108 108 101 121
198350 LightMeleeSpawnerVolley 76 105 103 104 116 77 101 108 101 101 83 112 97 119 110 101 114 86 111 108 108 101 121
198525 Turret 84 117 114 114 101 116
198664 Turret 84 117 114 114 101 116
198803 Turret 84 117 114 114 101 116
198942 Turret 84 117 114 114 101 116
199081 Turret 84 117 114 114 101 116
199220 Turret 84 117 114 114 101 116
199359 Turret 84 117 114 114 101 116
199498 Turret 84 117 114 114 101 116
199656 BigSupport_Lunge 66 105 103 83 117 112 112 111 114 116 95 76 117 110 103 101
199805 BigSupport_Lunge 66 105 103 83 117 112 112 111 114 116 95 76 117 110 103 101
199954 BigSupport_Lunge 66 105 103 83 117 112 112 111 114 116 95 76 117 110 103 101
200122 HeavyMeleeLarge 72 101 97 118 121 77 101 108 101 101 76 97 114 103 101
200270 HeavyMeleeLarge 72 101 97 118 121 77 101 108 101 101 76 97 114 103 101
220426 LightMeleeLarge 76 105 103 104 116 77 101 108 101 101 76 97 114 103 101
220586 LightMeleeLarge 76 105 103 104 116 77 101 108 101 101 76 97 114 103 101
223695 HeavyMelee 72 101 97 118 121 77 101 108 101 101
223850 HeavyMeleeEasy 72 101 97 118 121 77 101 108 101 101 69 97 115 121
224009 HeavyMeleeEasy 72 101 97 118 121 77 101 108 101 101 69 97 115 121
225077 TurretFlame 84 117 114 114 101 116 70 108 97 109 101
225229 TurretFlame 84 117 114 114 101 116 70 108 97 109 101
225381 TurretFlame 84 117 114 114 101 116 70 108 97 109 101
225533 TurretFlame 84 117 114 114 101 116 70 108 97 109 101
231576 LightMelee 76 105 103 104 116 77 101 108 101 101
231739 LightMeleeLarge 76 105 103 104 116 77 101 108 101 101 76 97 114 103 101
231907 LightMelee 76 105 103 104 116 77 101 108 101 101
232070 LightMelee 76 105 103 104 116 77 101 108 101 101
232233 LightMelee 76 105 103 104 116 77 101 108 101 101
232396 LightMelee 76 105 103 104 116 77 101 108 101 101
232559 LightMelee 76 105 103 104 116 77 101 108 101 101
232722 LightMelee 76 105 103 104 116 77 101 108 101 101
232885 LightMelee 76 105 103 104 116 77 101 108 101 101
373223 TurretFlame 84 117 114 114 101 116 70 108 97 109 101
373381 TurretFlame 84 117 114 114 101 116 70 108 97 109 101
373539 TurretFlame 84 117 114 114 101 116 70 108 97 109 101
373697 TurretFlame 84 117 114 114 101 116 70 108 97 109 101
373855 BigSupport_Lunge 66 105 103 83 117 112 112 111 114 116 95 76 117 110 103 101
379690 HeavyMeleeWhirlwind 72 101 97 118 121 77 101 108 101 101 87 104 105 114 108 119 105 110 100
379848 HeavyMeleeWhirlwind 72 101 97 118 121 77 101 108 101 101 87 104 105 114 108 119 105 110 100
380006 BigSupport_Lunge 66 105 103 83 117 112 112 111 114 116 95 76 117 110 103 101
380161 HeavyMeleeLunge 72 101 97 118 121 77 101 108 101 101 76 117 110 103 101
380315 HeavyMeleeLunge 72 101 97 118 121 77 101 108 101 101 76 117 110 103 101