7
3905 HeavyMeleeLunge 72 101 97 118 121 77 101 108 101 101 76 117 110 103 101
10785 TurretFlame 84 117 114 114 101 116 70 108 97 109 101
74354 TurretFlame 84 117 114 114 101 116 70 108 97 109 101
115890 LightMeleeLarge 76 105 103 104 116 77 101 108 101 101 76 97 114 103 101
118550 Turret 84 117 114 114 101 116
118689 Turret 84 117 114 114 101 116
118828 Turret 84 117 114 114 101 116
118967 Turret 84 117 114 114 101 116
119106 Turret 84 117 114 114 101 116
119245 Turret 84 117 114 114 101 116
120584 Turret 84 117 114 114 101 116
120723 Turret 84 117 114 114 101 116
141996 HeavyMeleeEasy 72 101 97 118 121 77 101 108 101 101 69 97 115 121
142143 HeavyMelee  72 101 97 118 121 77 101 108 101 101
142286 LightMeleeLarge 76 105 103 104 116 77 101 108 101 101 76 97 114 103 101
142434 HeavyMeleeEasy 72 101 97 118 121 77 101 108 101 101 69 97 115 121
142581 LightMelee 76 105 103 104 116 77 101 108 101 101