11
12828 FlyingSwarmer_Pest 70 108 121 105 110 103 83 119 97 114 109 101 114 95 80 101 115 116
12977 FlyingSwarmer_Pest 70 108 121 105 110 103 83 119 97 114 109 101 114 95 80 101 115 116
13126 FlyingSwarmer_Pest 70 108 121 105 110 103 83 119 97 114 109 101 114 95 80 101 115 116
81178 HeavyMelee 72 101 97 118 121 77 101 108 101 101
81325 HeavyMelee 72 101 97 118 121 77 101 108 101 101
81491 FlyingSwarmer_Pest_Aggressive 70 108 121 105 110 103 83 119 97 114 109 101 114 95 80 101 115 116 95 65 103 103 114 101 115 115 105 118 101
81653 FlyingSwarmer_Pest_Aggressive 70 108 121 105 110 103 83 119 97 114 109 101 114 95 80 101 115 116 95 65 103 103 114 101 115 115 105 118 101
81815 FlyingSwarmer_Pest_Aggressive 70 108 121 105 110 103 83 119 97 114 109 101 114 95 80 101 115 116 95 65 103 103 114 101 115 115 105 118 101
81977 FlyingSwarmer_Pest_Aggressive 70 108 121 105 110 103 83 119 97 114 109 101 114 95 80 101 115 116 95 65 103 103 114 101 115 115 105 118 101
82139 FlyingSwarmer_Pest_Aggressive 70 108 121 105 110 103 83 119 97 114 109 101 114 95 80 101 115 116 95 65 103 103 114 101 115 115 105 118 101
94407 FlyingSwarmer_Harasser 70 108 121 105 110 103 83 119 97 114 109 101 114 95 72 97 114 97 115 115 101 114
94562 FlyingSwarmer_Harasser 70 108 121 105 110 103 83 119 97 114 109 101 114 95 72 97 114 97 115 115 101 114
94736 FlyingSwarmer_Pest_Aggressive 70 108 121 105 110 103 83 119 97 114 109 101 114 95 80 101 115 116 95 65 103 103 114 101 115 115 105 118 101
94898 FlyingSwarmer_Harasser 70 108 121 105 110 103 83 119 97 114 109 101 114 95 72 97 114 97 115 115 101 114
95053 FlyingSwarmer_Pest 70 108 121 105 110 103 83 119 97 114 109 101 114 95 80 101 115 116
95204 FlyingSwarmer_Pest 70 108 121 105 110 103 83 119 97 114 109 101 114 95 80 101 115 116
95374 FlyingSwarmer_Harasser 70 108 121 105 110 103 83 119 97 114 109 101 114 95 72 97 114 97 115 115 101 114
95529 FlyingSwarmer_Harasser 70 108 121 105 110 103 83 119 97 114 109 101 114 95 72 97 114 97 115 115 101 114
95684 FlyingSwarmer_Harasser 70 108 121 105 110 103 83 119 97 114 109 101 114 95 72 97 114 97 115 115 101 114
118642 FlyingSwarmer_Pest 70 108 121 105 110 103 83 119 97 114 109 101 114 95 80 101 115 116
118799 FlyingSwarmer_Pest 70 108 121 105 110 103 83 119 97 114 109 101 114 95 80 101 115 116
118956 FlyingSwarmer_Pest 70 108 121 105 110 103 83 119 97 114 109 101 114 95 80 101 115 116
119113 FlyingSwarmer_Pest 70 108 121 105 110 103 83 119 97 114 109 101 114 95 80 101 115 116
119270 FlyingSwarmer_Pest 70 108 121 105 110 103 83 119 97 114 109 101 114 95 80 101 115 116
119427 FlyingSwarmer_Pest 70 108 121 105 110 103 83 119 97 114 109 101 114 95 80 101 115 116
119584 FlyingSwarmer_Pest 70 108 121 105 110 103 83 119 97 114 109 101 114 95 80 101 115 116
119741 FlyingSwarmer_Pest 70 108 121 105 110 103 83 119 97 114 109 101 114 95 80 101 115 116
119898 FlyingSwarmer_Pest 70 108 121 105 110 103 83 119 97 114 109 101 114 95 80 101 115 116
120055 FlyingSwarmer 70 108 121 105 110 103 83 119 97 114 109 101 114
120207 FlyingSwarmer_Pest 70 108 121 105 110 103 83 119 97 114 109 101 114 95 80 101 115 116
120364 FlyingSwarmer_Pest 70 108 121 105 110 103 83 119 97 114 109 101 114 95 80 101 115 116
120521 FlyingSwarmer_Pest 70 108 121 105 110 103 83 119 97 114 109 101 114 95 80 101 115 116
120678 FlyingSwarmer_Pest 70 108 121 105 110 103 83 119 97 114 109 101 114 95 80 101 115 116
120835 FlyingSwarmer_Pest 70 108 121 105 110 103 83 119 97 114 109 101 114 95 80 101 115 116
120992 FlyingSwarmer_Harasser 70 108 121 105 110 103 83 119 97 114 109 101 114 95 72 97 114 97 115 115 101 114
121153 FlyingSwarmer_Pest 70 108 121 105 110 103 83 119 97 114 109 101 114 95 80 101 115 116
121310 FlyingSwarmer_Pest 70 108 121 105 110 103 83 119 97 114 109 101 114 95 80 101 115 116
121467 FlyingSwarmer_Pest 70 108 121 105 110 103 83 119 97 114 109 101 114 95 80 101 115 116
121624 FlyingSwarmer_Pest 70 108 121 105 110 103 83 119 97 114 109 101 114 95 80 101 115 116
121781 FlyingSwarmer_Pest 70 108 121 105 110 103 83 119 97 114 109 101 114 95 80 101 115 116
121938 FlyingSwarmer_Pest 70 108 121 105 110 103 83 119 97 114 109 101 114 95 80 101 115 116
122095 FlyingSwarmer_Pest 70 108 121 105 110 103 83 119 97 114 109 101 114 95 80 101 115 116
122252 FlyingSwarmer_Harasser 70 108 121 105 110 103 83 119 97 114 109 101 114 95 72 97 114 97 115 115 101 114
122413 FlyingSwarmer 70 108 121 105 110 103 83 119 97 114 109 101 114
122590 Stinkweed_Bulb 83 116 105 110 107 119 101 101 100 95 66 117 108 98
122749 Stinkweed_Bulb 83 116 105 110 107 119 101 101 100 95 66 117 108 98
122908 Stinkweed_Bulb 83 116 105 110 107 119 101 101 100 95 66 117 108 98
123067 Stinkweed_Bulb 83 116 105 110 107 119 101 101 100 95 66 117 108 98
123226 Stinkweed_Bulb 83 116 105 110 107 119 101 101 100 95 66 117 108 98
123385 Stinkweed_Bulb 83 116 105 110 107 119 101 101 100 95 66 117 108 98
123544 Stinkweed_Bulb 83 116 105 110 107 119 101 101 100 95 66 117 108 98
123703 Stinkweed_Bulb 83 116 105 110 107 119 101 101 100 95 66 117 108 98
123862 Stinkweed_Bulb 83 116 105 110 107 119 101 101 100 95 66 117 108 98
124021 Stinkweed_Bulb 83 116 105 110 107 119 101 101 100 95 66 117 108 98
124180 Stinkweed_Bulb 83 116 105 110 107 119 101 101 100 95 66 117 108 98