21
25747 Ura_Melee_Male 85 114 97 95 77 101 108 101 101 95 77 97 108 101
27986 Ura_Melee_Male 85 114 97 95 77 101 108 101 101 95 77 97 108 101
198120 Ura_Ranged_Female 85 114 97 95 82 97 110 103 101 100 95 70 101 109 97 108 101
217170 Ura_Ranged_Female 85 114 97 95 82 97 110 103 101 100 95 70 101 109 97 108 101
217314 Ura_Ranged_Female 85 114 97 95 82 97 110 103 101 100 95 70 101 109 97 108 101
217494 FlyingSwarmer_Pest_Aggressive 70 108 121 105 110 103 83 119 97 114 109 101 114 95 80 101 115 116 95 65 103 103 114 101 115 115 105 118 101
217654 FlyingSwarmer_Pest_Aggressive 70 108 121 105 110 103 83 119 97 114 109 101 114 95 80 101 115 116 95 65 103 103 114 101 115 115 105 118 101
217814 FlyingSwarmer_Pest_Aggressive 70 108 121 105 110 103 83 119 97 114 109 101 114 95 80 101 115 116 95 65 103 103 114 101 115 115 105 118 101
217974 FlyingSwarmer_Pest_Aggressive 70 108 121 105 110 103 83 119 97 114 109 101 114 95 80 101 115 116 95 65 103 103 114 101 115 115 105 118 101
218134 FlyingSwarmer_Pest_Aggressive 70 108 121 105 110 103 83 119 97 114 109 101 114 95 80 101 115 116 95 65 103 103 114 101 115 115 105 118 101
218294 FlyingSwarmer_Pest_Aggressive 70 108 121 105 110 103 83 119 97 114 109 101 114 95 80 101 115 116 95 65 103 103 114 101 115 115 105 118 101
218477 Ura_Ranged_Female 85 114 97 95 82 97 110 103 101 100 95 70 101 109 97 108 101
218635 Ura_Melee_Male 85 114 97 95 77 101 108 101 101 95 77 97 108 101
218790 Ura_Ranged_Female 85 114 97 95 82 97 110 103 101 100 95 70 101 109 97 108 101
218965 Ura_Melee_Male 85 114 97 95 77 101 108 101 101 95 77 97 108 101
219108 Ura_Melee_Male 85 114 97 95 77 101 108 101 101 95 77 97 108 101
219251 Ura_Melee_Male 85 114 97 95 77 101 108 101 101 95 77 97 108 101
219394 Ura_Ranged_Female 85 114 97 95 82 97 110 103 101 100 95 70 101 109 97 108 101
219540 Ura_Melee_Male_Deadly_Special 85 114 97 95 77 101 108 101 101 95 77 97 108 101 95 68 101 97 100 108 121 95 83 112 101 99 105 97 108
219715 Mole 77 111 108 101
219848 Mole 77 111 108 101
219981 Mole 77 111 108 101
220114 Mole 77 111 108 101
220266 Ura_Ranged_Female 85 114 97 95 82 97 110 103 101 100 95 70 101 109 97 108 101
220416 Ura_Ranged_Female 85 114 97 95 82 97 110 103 101 100 95 70 101 109 97 108 101
220566 Ura_Ranged_Female 85 114 97 95 82 97 110 103 101 100 95 70 101 109 97 108 101
220734 Ura_Ranged_Female 85 114 97 95 82 97 110 103 101 100 95 70 101 109 97 108 101
220882 Ura_Melee_Male 85 114 97 95 77 101 108 101 101 95 77 97 108 101
221027 Ura_Ranged_Female 85 114 97 95 82 97 110 103 101 100 95 70 101 109 97 108 101
221175 Ura_Melee_Male 85 114 97 95 77 101 108 101 101 95 77 97 108 101
221320 Ura_Ranged_Female 85 114 97 95 82 97 110 103 101 100 95 70 101 109 97 108 101
221468 Ura_Melee_Male 85 114 97 95 77 101 108 101 101 95 77 97 108 101
221613 Ura_Ranged_Female 85 114 97 95 82 97 110 103 101 100 95 70 101 109 97 108 101
226212 Frog 70 114 111 103
226345 Frog 70 114 111 103
226478 Frog 70 114 111 103
233944 Ura_Melee_Male 85 114 97 95 77 101 108 101 101 95 77 97 108 101